# source: Matthews, K.J., Maloney, K.T., Zahirovic, S., Williams, S.E., Seton, M., Muller, R.D. (2016), Global plate boundary evolution and kinematics since the late Paleozoic; present-day static plate polygons (CorrectedModel/StaticGeometries/StaticPolygons/PresentDay_StaticPlatePolygons_Matthews.shp)
# url: https://zenodo.org/records/10526157/files/Matthews_etal_2016_GPC.zip
# retrieved: 2026-09-15
# license: CC BY 4.0 (https://creativecommons.org/licenses/by/4.0/); simplified for display
# source-sha256: 06d444d22a55ff4c265199955168c537511d1d9feea958850e754e7c5759e33d
# generator: tools/geodata/matthews_plates.py
# format: P = boundary between polygons of different plate ids (PLATEID1), then the smaller plate's spherical area in km2; lon,lat pairs in hundredths of a degree, the first of a line absolute and every later one relative to the point before it; Douglas-Peucker tolerance 0.05 degree
# body-sha256: 7ebf2bcb2dd55b195b3ad9e6538f750222816d6b8d11328d680659776226479d
P 5036350 -7591,7587 197,-94 72,-85 780,-116 92,-50 16,-94 36,-73 61,-61 53,-40 228,-29 70,-35 -35,-52 71,-112 96,-70 -98,-178 8,-5 -136,-276
P 5036350 -6196,6175 331,-81 89,-37 99,-18 86,-32 52,-52 93,-30 56,-31 56,-46 24,-34 130,-56 83,-11 120,8 167,-47 142,-10 183,21 86,-20 174,-20 808,-5
P 5036350 -5785,8261 606,60 468,32
P 712716 -14635,7478 284,37 632,-337 169,-139 -118,15 -63,-153 23,-19
P 1227365 -11399,3051 -46,74 160,-4 85,-62 91,-94 132,-74 308,-144 93,-68 83,-49 195,-83 156,5 47,10 19,14 32,-2 212,-76 22,-46 37,-12 53,-44 55,-12 210,217 49,40 57,31 23,5 103,-62 50,-5 60,14 138,100 69,24 87,1 66,-26
P 223247 -11995,3553 15,-28 92,-93 20,-33
P 223247 -11710,3298 311,-247
P 1057453 -8921,7417 -89,-95 -77,-146 158,-132 239,-73 124,3 106,18 259,-23 79,-18 81,-46 85,-384 101,-103 428,-102 168,-49 247,-97 312,-75 256,-5 319,-39 -94,115 23,9
P 1057453 -7611,7491 212,-63 5,-128 510,-156 284,-61 320,-284 247,-97 14,-15 2,-97 -29,-53 -34,-320
P 1342023 -7243,3887 60,35 361,44 181,49 83,56 16,98 157,59 85,25 103,-50 78,69 57,3 134,58 403,99 0,10 100,26 251,-157 237,-59 198,260 98,-27 70,68 74,16 213,131 -19,61 -26,30 -19,47 43,8 0,20 -13,31 -107,83 -62,34 -21,25 0,17 -46,3 -101,99 -200,-26 -537,-163 -162,-92 -185,-66 -194,-29 -84,-23 -146,-1 -317,-54 -184,-105 -503,-328 -71,-162
P 1088564 -8514,2790 -413,242 -121,52 -193,41 218,14 159,25 202,51 190,74 84,44 183,115 81,85 65,55 260,194 157,127 141,84 263,116
P 1088564 -7553,2597 -90,209 -4,173 14,23 -73,121 97,91 64,117 79,92 29,74 20,139 138,225 36,26
P 614207 -15181,8174 425,8 555,-3 -347,-537 -87,-164
P 838150 -18000,8890 7094,53 5368,-82 1175,-133 -85,-44 -74,-50 -102,-107 -15,-17 -72,-157
P 838150 16072,8893 1928,43
P 397164 -12199,7536 -394,49 -98,63 -31,84 -296,-79 -81,69 67,27 343,49 8,13 751,110 310,33 1080,139 1243,148
P 257206 -10626,7415 287,9 1418,-7
P 257206 -7611,7491 20,96
P 82009 -5785,8261 195,63
P 105983 -9297,8241 688,94 56,2 93,25 423,67 1508,-9 939,-96
P 132674 -12199,7536 406,-51 361,-100 806,30
P 826142 -13708,6882 136,-47 13,-10 12,-20 -4,-18 -23,-22 4,-42 72,-70 175,-138 107,-44 239,-14 32,-8 169,-50 111,-49 32,-27 55,-83 20,-39 7,-36 0,-38 -18,-45 -3,-55 -48,-46 7,-33 113,-93 137,-149 56,-80 111,-100 54,-33 314,-145 173,-95 43,-26 63,-65 34,-64 109,-155 125,-136 33,-57 88,-88 -125,-149 8,-28 26,-35 57,-30 65,-20
P 181449 -11995,3553 50,-29 89,-34 20,18
P 593720 -11836,3508 45,33 64,22 74,5 115,-8 44,-19 50,-51 75,-59 95,-26 -32,32 -21,65 7,204 13,68 47,73 76,44 31,48 18,78 13,5 16,58 62,119 22,141 -50,38 -57,22
P 28794292 -6276,1778 174,-18 580,-82 300,-18 393,-112 157,-4
P 598524 -8753,2723 196,37 43,30
P 598524 -7553,2597 76,-143 62,-87 81,-82 235,-147 -6,-9
P 201979 -6402,1844 126,-66
P 61475 -6689,1895 155,-20 132,-31
P 57743 -7105,2129 194,-134 68,-30 44,-7 82,-59 28,-4
P 5959996 -3417,5674 -23,-17 -23,-76 -24,4 -46,-85 13,-3 -29,-64 38,-3 -34,-75 20,-4 -7,-27 14,-3 4,-50 334,-19 54,-10 0,-10
P 2185826 -3292,3706 21,-3 7,15 25,-4 9,27 79,-13 14,42 30,-2 46,72 18,-1 52,100 15,1 18,71 -7,0 8,49 23,-3 12,64 -10,4 16,66 -10,2 4,36 -21,0 12,79 14,0 37,69 27,-1 10,44 6,-2 10,30
P 1088453 -3126,5232 -1,-22 125,-7 4,-104 11,-20 85,-64 20,-50 25,-1 56,-103 26,-2 18,-93 12,-6 -2,-33 14,-27 -4,-25 -7,1 -7,-55 -5,0 -4,-23 -15,-10 -7,-35 -16,-19 -2,-24 -11,-3 -16,-59
P 854376 -18000,8855 2785,-635 34,-46
P 854376 16072,8893 1928,-41
P 20102296 -4672,1544 31,213 -11,2 13,83 7,0 55,220 21,-3 14,63 -9,3 12,57 14,-1 27,87 12,90 -43,15 -96,5 -8,6 6,44 18,32 59,33 27,74 9,-2 12,33 12,2 11,28 10,-2 27,89 12,-3 40,106 8,-2 21,52 9,-2 10,22 12,-4 23,56 15,-4 25,78 67,-13 19,71 38,52 25,-4 47,61 16,-1 85,128 12,-1 22,59 33,-5 10,21 130,-22 27,58 12,-3 18,43 18,-3 9,20 15,0 21,42 18,-3 9,17 13,2 129,-18 33,59 12,0 12,36 12,-3 6,15 22,-4 18,56 27,-5 10,25 22,-2 8,14
P 28794292 -11868,3399 101,-44 57,-57
P 1057453 -6196,6175 116,42
P 838150 -4711,8353 794,43 606,-3 426,-9 877,-63 290,-7 155,-12 103,-53 388,-48 459,-101 173,-15 -8,-11 6,-11 199,-22
P 257206 -7591,7587 5,26 39,84 85,100 472,199 37,9
P 48889 -6953,8005 386,93 254,71
P 82009 -6313,8169 208,48 320,44
P 5036350 -3417,5674 486,335 400,258 683,295 28,75 -46,114 81,93 79,54 66,-8 79,93 106,104 76,-15 120,73 350,-25 165,-34
P 5036350 -670,7071 115,74 43,-8 183,23 620,95 480,89 91,29 19,18 8,23 -30,44 -19,20 -40,21 -35,43 -29,17 -23,40 0,43 29,42 -4,53 -312,158 -150,20 112,35 17,13 -660,74 12,4
P 182305 -744,7086 74,-15
P 614207 -15838,7310 225,15 42,-13 517,101 419,65
P 712716 -14509,6729 300,0 200,22 55,15 76,3 110,29 53,38 7,46
P 85235 -16023,6697 17,25 90,26 5,13 44,6 75,-11 165,0 118,-14 203,19 215,0 417,62 107,-3 10,-9
P 66995 -14557,6811 127,14 25,-4 6,-11 -14,-35 -82,-32 -14,-14
P 104677 -16926,7016 334,-13 80,47 14,60 -12,47 -44,59
P 127312 -16554,7216 39,8 4,16 -14,12 96,-2 245,33 172,35 95,-15 79,7
P 321956 -16926,7016 56,-17 120,-64 149,-56 35,-29 -5,-49 145,-46 56,-40 52,-15
P 165288 -16318,6700 204,-9 91,6
P 223247 -11399,3051 16,-23 -16,-24 19,-37 103,-92 17,-40
P 1018804 -9489,1888 -4,105 106,210 92,118 55,87 167,78 90,63 85,48 40,8 44,-14 93,-70 87,-9 88,-21
P 422786 -10567,2078 48,-20 643,-94 152,-21 106,3 31,-6 98,-52
P 598524 -8753,2723 78,-31 96,-92 33,-109
P 1227365 -11260,2835 120,-85 -20,-27 21,-16 -11,-12 78,-52 -11,-15 106,-70 -20,-28 93,-61 -20,-28 47,-32 -10,-13 50,-32
P 431079 -10837,2364 94,16 110,-85 26,-61 8,-51 41,-63 -9,-42
P 181449 -12294,3819 97,-75 70,-80 79,-74 53,-37
P 223247 -12294,3819 83,-80 63,-134 77,-69 17,-72 186,-65
P 223247 -11710,3298 66,-153 26,-34 105,-215 -4,-95 216,-209 62,-92 70,-72 122,-81 42,-44 35,-14 42,36 -41,128 -78,75 -53,106 -55,59 -72,53 -22,34 -11,55
P 257206 -8921,7417 1002,-2 147,122 161,-46
P 1088564 -7243,3887 -5,74 3,125 7,23
P 598524 -8514,2790 68,28 82,20 69,3 88,-45 129,-102 51,-8 232,20 63,-9 179,-100
P 24175 -18000,7642 751,-81
P 24175 -17850,7520 601,41
P 24175 17486,7741 271,-67 243,-32
P 24175 -18000,7542 150,-22
P 24175 17486,7741 111,-73 141,-56 161,-57 101,-12
P 127312 -17249,7561 97,-5 347,-112 74,-8 130,-73 279,38 153,-12 331,-79
P 614207 -18000,8116 63,-11 -37,-7 7,-12 101,-19 23,-17 176,-23 -8,-15 129,-16 3,-7 383,47 629,61 721,48 629,29
P 838150 -243,8041 111,25 -184,20 69,16 -168,28 113,33 -107,13 49,22 -227,24 36,47 -146,14 8,22 868,118 221,53 430,21 1069,75 643,27 596,-5 411,37 2035,67 499,2 428,-13 1156,-84 1106,-51 235,-20 840,-32 1456,-111 334,-80 104,-33 154,-111 156,-42 63,-24 41,-31 124,-36 183,-101 127,-98 24,-68 -44,-66
P 838150 13888,7902 217,172 182,169 313,183 344,184 199,60 75,88 191,97 663,38
P 158727 12570,7699 91,4 329,96 354,81 544,22
P 82009 -8933,8006 83,-45 54,-20 39,-52 6,-39 -96,-59
P 105983 -9297,8241 126,-114 238,-121
P 132674 -12199,7536 264,28 363,-33 186,-5 185,12 465,53 149,58 141,31 297,41 206,17 369,-20 194,8 176,-8 34,2 51,19 270,38 2,14
P 48889 -8739,7705 135,13 95,26 75,7 64,25 83,56 176,68 217,36 288,25 118,25 535,19
P 132674 -10626,7415 153,73 50,14 1315,164 369,39
P 48889 -8764,7798 134,-7 76,57 90,40 -6,15 85,37 60,37 1,37 9,18 381,-11 982,77 639,71
P 48889 -8764,7798 9,-11 16,-82
P 82009 -8933,8006 171,9 27,8 58,43 98,34 159,8 448,58 648,55 994,53 740,50
P 82009 -8847,7791 83,7
P 60167 -12574,5636 135,-101 30,-11 14,-13 24,-3 -13,-26 32,-26 12,-2 23,23 39,-30 23,-33
P 60167 -11961,4960 18,-87
P 1437 -12255,5414 28,-22 7,-48 -18,11
P 120538 -14111,6481 278,-83 275,-95
P 120538 -13349,6227 124,-19 44,-16 -2,5 36,-2 1,8 38,-11 39,3 14,-25 43,-11 71,-53 22,-48 37,-36 5,-34
P 142974 -14729,6578 39,4 308,-46 54,7 217,-62
P 74033 -13558,6303 209,-76
P 74033 -12877,5988 166,-114 343,-308 -45,-15 -57,12 -104,73
P 57557 -12238,5355 138,-98 40,-6 172,-86 -13,-29 6,-23 49,-93 18,-9 -34,112 10,3 51,-19 98,-131 -9,-8 -42,12 -51,0 2,-15 48,-17 -5,-26 -32,-46 -20,20 -34,-41 -68,34 -21,29 20,14 26,4 8,10 -4,11 -47,20 -18,-3 -11,-14
P 553480 -11943,4873 -4,-57 -13,-46 32,-55 70,-45 59,-20 97,-4 24,5 57,-7 17,-36 -18,-110 32,-111 24,-41 62,-39 126,-31
P 593720 -11378,4276 112,43 137,81
P 85235 -15024,6593 89,15 27,19 53,14
P 85235 -14795,6719 86,-15 -29,-8
P 85235 -14718,6723 61,1
P 66995 -15024,6593 55,7 191,-8 49,-14
P 66995 -14855,6641 23,-9 63,-3 58,22 -11,24 -29,9 13,12
P 66995 -14795,6719 77,4
P 66995 -14657,6724 148,5
P 60167 -12798,5785 42,-13 62,-54 45,-62 1,-19
P 120538 -13389,5892 -78,74 -79,51 -90,83 -75,44 4,14 15,8 -27,19 9,20 -23,13 5,9 23,1 -10,22 -62,22 28,11 53,-8 204,-67 64,-78 12,-33 59,-36
P 66075 -13357,6061 -58,-3 -20,-18 -34,2 -2,-19 12,-25 221,-131 440,-82
P 66075 -12648,5637 40,-91 26,-37 1,-50 211,-143 77,-87 43,-84 41,-51 -6,-13
P 91244 -13389,5892 273,-259 43,-11 60,-48 30,-53 43,-26 37,-40 4,-54 89,-22 52,-33 9,-31 -8,-25 41,-27 40,-57 225,-104 8,-17
P 247989 -12443,5085 4,-9 37,5 10,41 -10,22 187,-63
P 1437 -12255,5414 -26,7 43,-66
P 60167 -12762,5786 107,-53
P 60167 -12655,5733 66,-87 15,-10
P 57557 -12238,5355 -22,4 5,-38 109,-71 72,-34 38,-101 -20,-31 6,-24 35,-77 24,-26 21,-8 9,11
P 60167 -12798,5785 36,1
P 60167 -12648,5637 115,-82 6,-28 200,-137 60,-92 81,-76 41,-118 4,-54
P 60167 -12141,5050 -12,-39 3,-17 80,-115 127,-6
P 120538 -14111,6481 -112,-10 -52,5 -11,-39 -36,-10 8,-37 75,-17 182,-1 48,-17 -9,-11 -79,-6 -22,-27 104,-21 47,-31 78,-13 -10,-17 -31,-9 -79,-47
P 74033 -13558,6303 8,-33 166,-93 15,-42 33,-21 96,-18 86,-41 97,-88 19,-47 83,-46 88,-34 126,-29 59,-41 27,-37
P 74033 -13349,6227 294,-115 73,-59 105,-65
P 120538 -14010,6173 80,-36
P 66075 -13357,6061 51,-29 66,-61 116,-74 362,-111
P 91244 -13930,6137 125,-3 88,-29 53,-33 54,-50 62,-39 57,-20 57,-58 45,-13
P 142974 -14642,6345 78,-8 170,-37 75,-27 182,-47 127,-53
P 66995 -15178,6452 57,42 0,26 392,58
P 39403 -15178,6452 -1,-24 -128,-93 8,-11 -18,-14 -86,-35 -39,-44 205,44 115,34
P 142974 -15122,6309 55,13 237,28 188,-5
P 112973 -14058,6056 -63,30 -16,34 11,10 104,1 200,-44
P 112973 -13418,5470 86,-7 205,-54 87,-46 -1,-18 118,-92 108,-22
P 210153 -15047,6166 110,42 163,45 196,14 106,-39 113,-110
P 210153 -14359,6118 106,-30 195,-32
P 91244 -13930,6137 108,-50
P 91244 -12815,5231 32,-10 11,-24 37,-29 82,-46 99,-28 80,-9
P 210153 -12942,5072 181,-64 103,-88 93,-24 104,-68 73,-18 44,13 22,20 14,21 -6,34 -27,36 -63,49 -70,102
P 210153 -15047,6166 -3,21 79,58 58,30 118,36 153,34
P 210153 -13418,5470 165,-174 189,-146
P 210153 -13064,5150 122,-78
P 112973 -14058,6056 147,-53
P 37109 -13892,5988 122,-42 219,-124 66,-17 30,-131 4,-77 -15,-80
P 63378 -13911,6003 19,-15
P 91244 -13822,6087 156,-109 115,-56 38,-53 -4,11 14,-6 62,-45 72,-84 37,-31 93,-52 85,-90 31,-63 84,-56 56,-78 145,-68 14,-26 9,-50
P 112973 -13466,5517 48,-47
P 252400 -16939,5274 50,1 873,246 315,107 345,150 107,77 38,41 16,39 109,56 126,130 38,28 113,21 71,-6 153,11 136,-39 1,-10 89,-8
P 252400 -16963,5412 24,-138
P 252400 -16585,5485 469,133 113,42 85,56
P 252400 -16963,5412 279,42 99,31
P 252400 -15918,5716 302,199 195,91 121,70 112,31 141,59
P 66075 -12215,5081 74,-31
P 63378 -14232,5899 -94,25 -174,-1 92,72 144,32 117,6 111,-7 125,-23
P 426438 -16939,5274 21,-125
P 429989 -16918,5149 1180,294 380,43 561,233 399,185 166,-5
P 37109 -13892,5988 109,-102 80,-63 15,-21 15,-55
P 37109 -13673,5747 65,-57 18,-29 124,-144
P 63378 -14232,5899 60,-2 99,-40 76,-15 324,-95
P 91244 -12474,5085 31,0
P 426438 -18000,5256 1037,156
P 426438 16409,5666 314,-105 473,-187 506,-112 298,-2
P 426438 16409,5666 21,-116
P 426438 -18000,5027 340,15 137,15 402,46 203,46
P 426438 16430,5550 127,-41 64,-53 166,-94 89,-34
P 426438 17164,5210 145,-54 235,-72 456,-57
P 11061 16876,5328 288,-118
P 654880 -17869,6130 11,-36 -3,-31 -35,-36 -3,-21 60,-22 56,-3 16,-28 -17,-13 -77,-9 3,-13 174,-51 129,-9 58,10 31,-13 62,-54 4,-13 -27,-15 42,-45 69,-53 147,-15 33,-15 94,-22 54,3 20,9 106,-4 -8,-41 26,-29 171,-67 88,-9
P 10017 -16260,5896 85,-42
P 432413 -16462,6327 -67,-68 -70,-42 -146,-109 -26,-55 35,-51 56,-18 84,-13 232,-9 104,-66
P 432413 -16090,5804 172,-88
P 21843 -16175,5854 85,-50
P 383209 -17686,6497 229,-91 392,-95
P 165288 -17065,6311 108,-28 318,16 177,28
P 292632 -18000,6272 155,-74 -1,-34 -23,-34
P 292632 -18000,6409 45,25 71,17
P 292632 18000,6272 -66,26 -58,46 20,25 104,40
P 68744 -17884,6451 198,46
P 495879 16409,5666 -52,11 -62,2 -1,48 188,161 234,100 58,4 232,76 110,81
P 292632 -18000,6074 55,-8 45,16 31,48
P 292632 17116,6149 38,-13 78,2 118,-22 101,-31 164,55 83,19 252,-77 50,-8
P 181449 -12516,4270 91,-21 166,-8 28,-14
P 553480 -12231,4227 36,-18 67,-10 121,-7 114,17 97,-13 58,1 107,15 207,46 46,18
P 262738 -12942,5072 144,-94 21,-24 31,-70 99,-57 97,-227 9,-90 14,-52 -5,-21 5,-40 -9,-29 20,-98
P 181449 -12231,4227 -77,-84 -24,-46 15,-41 63,-35 91,-8 29,-10 29,-24 73,-107 112,-118 61,-87 21,-51 2,-108
P 181449 -12472,4031 101,-143 77,-69
P 181449 -12516,4270 7,-32 -11,-19 8,-58 27,-104 13,-26
P 66995 -15994,6697 159,11 364,-14 704,65 31,-2 18,-34
P 66995 -15839,6385 40,3 30,13 70,52
P 66995 -15798,6349 166,54 61,33 12,41
P 66995 -15746,6241 9,51 37,33 87,43 110,34 36,29 104,36 32,41 201,12 3,4 -14,12 -89,-7 -24,18 54,18 69,-7 50,8 57,27
P 66995 -15409,6351 -23,18 22,21 89,11
P 66995 -14982,6708 119,14 68,-3
P 66995 -14855,6641 36,12 -8,10 -44,13 43,18 90,2
P 66995 -14657,6724 65,31 52,39 -17,17
P 39403 -15409,6351 88,50
P 85235 -16017,6695 23,2
P 85235 -15839,6385 -21,14 -6,32 167,22
P 85235 -15798,6349 -16,-5 -42,-42 -20,-31 -1,-22 -10,-11 9,-39 132,42
P 85235 -15559,6477 49,8 102,68 183,39 93,31 23,21 -8,13 13,23 122,28
P 85235 -16023,6697 6,-2
P 39403 -15440,6342 31,9
P 39403 -15321,6401 143,51
P 66995 -15994,6697 119,6 243,-19 452,3 198,21
P 66995 -15839,6385 -9,-9 8,-12 42,-15
P 66995 -15746,6241 306,101
P 66995 -15699,6453 140,24
P 39403 -15440,6342 8,-14 -3,-11 -68,-22 -41,-42 -13,-27 -8,-41 -194,-56 16,-30 31,-27 86,1 223,76 32,28 52,29 10,18 33,17 128,32 26,36
P 10017 -16260,5896 71,47 110,33 67,28 27,20 22,2
P 10017 -16175,5854 149,105 63,67
P 21843 -16090,5804 103,57 57,22 24,14 9,14 23,4 12,11 0,19 14,16 -8,11 32,6 -13,25 -27,11 -9,15 -90,-3
P 165288 -16462,6327 155,23 137,78 39,36 14,49 -20,32 -5,27 13,46 112,77
P 104677 -18000,7416 211,-77 119,-22 526,-49 322,-8 186,-21 82,-23
P 104677 17770,7284 -16,73 105,59 141,-5
P 104677 -18000,7266 268,-49 331,-22 64,-17 247,-116 164,-46
P 104677 17770,7284 130,-5 100,-16
P 127312 -18000,7420 18,34 132,66
P 2299126 -7130,-2193 546,-209 522,-167 275,-78 280,-65 620,-129 161,-94 -19,-68 -27,-36 -39,-20 -39,-2 -100,-78 -22,-32 -10,-33 -71,-136 -8,-40 -38,-59 -31,-6 -17,-23 -31,-96 -48,-58 -47,-17 -11,-37 29,-22 -4,-39 -20,-19 2,-19 -12,-30 -31,-36
P 126589 -7287,652 13,29 218,228 55,42 183,98 15,1
P 232406 -7688,853 8,-43 33,-63 60,-74 38,-109 2,-61 49,-113 24,-33 66,56 130,136 -9,103
P 298849 -6803,1050 33,5
P 147832 -7840,647 47,63 79,82 26,61
P 201979 -6475,1073 92,-1 309,25 65,83 13,44 -30,225 -33,98 -6,41 -25,51 -97,93 -89,46
P 182334 -6770,1055 136,14 152,-21 7,25
P 130060 -5628,-4811 311,-104 162,-33 170,-10
P 391433 -5445,-4035 53,87 35,31 37,76
P 382983 -5628,-4811 2,57 71,435 95,230 30,46 -15,8
P 671996 -3991,-4947 -6,4 5,85 125,6 635,-9 201,12 78,-9 148,3 274,-194 124,-171 21,-245 -395,-28 -182,-1
P 307003 -4985,-4958 371,-13 623,24
P 36517539 -1696,23 46,7 25,-85 21,3 20,-63 28,8 14,-38 226,54 46,-119 54,16 33,-92 -20,-16 26,-95 -33,-14 6,-47 -10,-3 13,-42 40,9 9,-48 36,4 13,-55 -23,-9 8,-74 -242,-65 24,-100 17,4 17,-85 -23,-5 8,-53 -14,-2 28,-161 -196,-46 20,-76 24,7 14,-64 -19,-5 13,-94 82,17 42,-162 -16,-3 15,-52 -106,-22 6,-34 -13,-1 29,-122 112,21 20,-100 28,4 22,-118 31,10 10,-45 -12,-2 20,-87 -24,-4 16,-53 -9,-1 12,-40 -109,-23 6,-25 -98,-20 16,-72 10,3 29,-125 -53,-12 14,-76 -38,-9 24,-84 12,1 42,-175 53,11 21,-73 -146,-31 17,-60 10,2 5,-73 15,-9 10,-56 -10,-25 20,-56 -125,-46 30,-101 -35,-16 20,-46 -85,-17 30,-37 -25,-20 15,-37 -277,-32 62,-178 -30,-16 15,-59 25,-8 5,-23 60,4 10,-24 25,-8 30,-46 -15,-24 10,-34 -65,-20 10,-34 -45,-23 15,-34 -10,-42 15,-26 20,-22 40,0 -10,-41 15,-30 -5,-22 5,-18 -25,-22 25,-123 25,-32 60,-22 20,-53 25,-10 15,-35 35,-7 15,-28 45,-7 25,-34 -10,-24 20,-75 275,61 35,-58 0,-43 25,-34 -25,-30 35,-69 150,26 10,-22 30,-26 -15,-26 25,-42 75,3 10,-29 45,0 257,-155 158,-235 98,27 127,-145
P 20102296 -4672,1544 172,-15 -6,-98 20,0 -5,-108 11,-48 34,0 2,-62 72,-3 -2,-115 263,-18 8,-39 20,-22 9,-65 34,-3 6,-63 94,0 0,-71 137,-2 0,-41 106,9 3,-31 225,2 0,-12 23,-1 2,-16 53,-2 8,-91 49,-3 8,-37 29,-3 14,-75 20,3 6,-126 94,6 43,-129 37,-6 9,-89 14,-43 31,2 18,-55 219,8 3,-11 195,24 5,-49 86,9 41,-165 177,23 3,-12 492,94 94,28
P 36517539 -4817,-6340 -127,-29 139,-11 1229,136 226,-17 78,101 350,-16 66,102 1108,-14 11,74 112,1 0,55 87,-2 5,28 130,3 3,79 232,-3 0,30 434,33 175,6 5,62 135,3 2,69 162,7 0,69 243,23
P 61438 -4901,-6000 57,-95 336,-172 -76,-10 -233,-63
P 185652 -2963,-5494 14,-9 84,3 105,-9 119,-33 126,-87 92,-88 41,-102 -17,-73 -108,-105 -88,-42 -133,-18 -221,6
P 788275 -4341,-6034 135,-16 85,-47 139,34 73,-39 86,-16 309,-20 90,100 475,-13
P 47437 -4901,-6000 205,4 355,-38
P 15129057 -7840,647 32,-48 7,-29 12,-8 -7,-45 -51,-112 -68,-88 -148,-234 -50,-94 -25,-80 -15,-69 -2,-73 -41,-184 -3,-121 21,-126 61,-162 64,-128 98,-167 164,-241 130,-135 21,-31 57,-44 42,-45 180,-120 138,-129 60,-80 33,-103 0,-144
P 391433 -6411,-3538 3,67 359,-39 409,-157 279,-126 41,-48
P 572747 -7254,-2999 540,-438 303,-101
P 2299126 -7254,-2999 93,383 31,423
P 55853 -9573,1525 175,19 87,-5
P 15455 -9311,1539 12,-14 40,-12 161,-19
P 149542 -8869,1256 249,213 120,125
P 51409 -9098,1494 49,-18 75,-9 64,21 138,97 63,-8 126,21 17,-10 66,6
P 149542 -9573,1525 219,-16 73,-65 412,-188
P 55853 -9470,1775 38,-41 55,-43 123,-71
P 8471 -9254,1620 103,-16 69,-39 108,-7
P 8622 -8974,1558 105,53
P 51409 -8588,1688 88,7 204,39
P 422786 -9489,1888 43,-22 -24,-91
P 160823 -8869,1611 56,66 18,89 65,191 51,-48 73,98 66,-63 8,4 48,-54 109,84 23,-18 96,65 51,-89 51,21 140,31 45,17 50,11 86,1
P 160823 -8588,1688 -23,90 421,108
P 444359 -8296,1734 112,39 -6,113
P 598524 -8546,2491 116,-15 13,-11 28,-7 14,-20 17,-9 79,8 95,-15
P 128558 -8578,2192 144,111 250,119
P 137025 -8578,2192 79,-35 200,-33 232,-5 58,10 22,-23 66,-31 153,-40 -65,-18
P 8471 -9254,1620 146,-86
P 15455 -9311,1539 130,3 73,-8
P 55853 -9573,1525 64,92 18,118 21,40
P 8471 -9108,1534 61,0
P 8471 -9047,1534 73,24
P 8622 -9047,1534 47,-4 94,7
P 15455 -9098,1494 115,3 77,40
P 8622 -8906,1537 85,36 -11,9
P 8622 -8869,1611 37,-29
P 51409 -8500,1594 22,16 80,4 20,9 24,31
P 312764 -8354,1654 20,-8 43,13 117,-125 18,-51 -40,-55 -3,-62 -29,-49 -12,-58 -58,-68 -45,-82
P 142181 -8351,1081 8,28
P 69401 -8574,959 62,57 161,65
P 312764 -8869,1256 183,-88 51,-114 61,-95
P 51409 -8832,1582 99,41 40,3 77,27 31,23 -3,12
P 51409 -8354,1654 58,80
P 422786 -10568,1986 10,-40 23,-33 -11,-7 25,-29
P 422786 -10521,1877 83,-78 84,-33 115,-59 387,-140
P 37352 -9852,1567 131,-39 148,-3
P 422786 -10568,1986 1,92
P 160823 -8190,1886 371,82
P 137025 -7833,2017 14,-49
P 444359 -7949,1321 322,204 142,133 -3,134
P 147832 -8121,1213 139,72 33,36
P 142181 -8343,1109 222,104
P 100694 -7774,1952 15,-69 16,-31 53,-10 58,-24 50,-55 26,24 68,5
P 137025 -7819,1968 6,-22 39,6
P 298849 -7731,873 22,18 -19,22 38,56 7,101 -90,120 97,124 86,12 161,-75 79,61 106,54 195,3 213,-34 185,-64 -14,-8 36,-6
P 147832 -7949,1321 218,-448
P 201979 -6390,1744 3,-64 33,-34
P 182334 -6629,1257 42,59 157,98 47,180 -6,78 35,-26
P 61475 -6759,1728 369,16
P 100694 -7488,1792 -1,52 244,12 141,-28 28,-12
P 72444 -7076,1816 13,-12 199,-79 105,3
P 126589 -7334,805 35,-80 12,-73
P 39749 -7334,805 9,100 14,43 59,107 26,62
P 126589 -7226,1117 90,-24 45,-3 156,15 7,-30 104,10 21,-35
P 39749 -7431,1129 -2,-35 99,-289
P 232406 -7698,891 -18,22 12,10 25,46 2,21 27,40 43,23 31,3 67,56 78,17
P 147832 -7698,891 14,12 -9,-21 5,-29
P 39749 -7431,1129 41,8 164,-20
P 147832 -7731,873 3,-6 30,24
P 182334 -6770,1055 141,202
P 142181 -8121,1213 78,-183 43,-79 53,-74 42,-103 9,-69
P 147832 -7896,705 38,-28 18,-30
P 69401 -8351,1081 49,-68 54,-50 34,-64 3,-115
P 142181 -8211,784 124,-61 114,11 21,-22 56,-7
P 69401 -8574,959 12,-15 70,-40 114,-51 74,-45 42,-11
P 69401 -8262,797 51,-13
P 100694 -7366,2000 67,1
P 72444 -7299,2001 2,12 44,-4 59,-22
P 57743 -7194,1987 89,142
P 128558 -8184,2422 10,5 51,-36 367,-176 270,-117 80,-46 38,-12 2,-40
P 182334 -6475,1073 32,32 62,32 152,119 21,238 -146,152
P 61475 -6402,1844 12,-100
P 61475 -6773,1887 14,-159
P 57743 -6773,1887 84,8
P 72444 -7299,2001 -43,-16 12,-21 29,-2 240,-117 -15,-29
P 100694 -7480,1991 114,9
P 100694 -7774,1952 70,9 4,9 26,5 45,2 18,9 -6,3 71,-7 66,9
P 57743 -7194,1987 49,-11 307,-123 65,34
P 128558 -8578,2192 163,10 74,58 86,25 151,-19 236,-76 160,-90 228,-109
P 253032 -7569,-4601 174,-5
P 253032 -7395,-4606 -15,-153 -18,-100 9,-127 61,-193 29,-23 103,-120 273,-117 273,-56 20,-14
P 253032 -7569,-4601 -41,-48 -38,-106 4,-55 17,-41 -16,-96 39,-243 10,-6 37,-106 106,-129 269,-138 472,-137
P 253032 -6710,-5706 139,134 -89,63
P 535901 -7395,-4606 296,-9 119,7 297,-68 154,57
P 195455 -6529,-4619 85,34 202,111 61,22 54,7
P 572747 -7473,-3800 572,-24 346,-135 156,8 203,-40
P 382983 -6196,-3991 41,-85 -40,-135 31,-157 37,-77
P 901861 -7569,-4601 4,27
P 901861 -7565,-4574 2,17 -28,89 27,82 50,290 -7,3 -1,21 5,37 17,29 -2,77 24,83 5,46
P 195455 -6564,-4875 45,126 -10,130
P 482755 -6564,-4875 -7,-30 82,-222 1,-37 -29,-72 -57,-70 -5,-72 37,-41 76,-32 114,-20 37,-30
P 364246 -6660,-5509 140,17 205,-9
P 195455 -6564,-4875 534,-68 112,-32
P 130060 -5918,-4975 4,85 14,70
P 195455 -6127,-4445 100,-73 30,-51 14,-98 18,-57 65,-96
P 130060 -5918,-4975 178,-51 619,-88
P 307003 -5440,-5471 319,357
P 364246 -6315,-5501 572,-5 303,35
P 130060 -5900,-4820 123,-9 91,39 58,-21
P 130060 -5121,-5114 136,156
P 391433 -6411,-3538 -8,-80 138,-256 85,-117
P 382983 -6196,-3991 751,-44
P 572747 -7473,-3800 7,78 14,50 58,111 20,75 28,41 40,37 17,45 13,52 -1,40 13,36 -5,18 15,218
P 307003 -4048,-5086 88,56 52,53 -65,32 -18,-2
P 185652 -2974,-5487 11,-7
P 671996 -4135,-5316 87,230
P 671996 -3187,-5481 213,-6
P 246279 -4135,-5316 107,-19 264,15 166,-28 98,-67 313,-66
P 307003 -4515,-5285 141,22 165,57 47,27 68,63 46,30
P 307003 -5440,-5471 375,49 162,76 359,70 29,-9
P 5959996 149,5808 30,145 62,159 56,83 40,38 251,155 117,58 370,237 81,80 189,115 83,35 206,53 53,26 32,30 -31,24 4,12 -36,80
P 5959996 3732,4482 -12,16 -27,9 65,26 15,-3 0,11 390,206 48,7 200,-61 122,-28 357,-54 383,-107 358,-50 27,3 253,-44
P 5959996 6003,6206 0,95 17,71
P 113809 1334,8104 -321,-20 -164,-40 -286,-50 430,-139 139,-65 342,-127 283,-130 -2,-152 -9,-27 -54,-56 -85,-28 40,-68 9,-64
P 616503 1334,8104 307,22 124,23 465,12 631,-2 595,46 504,7 1622,117 746,6 393,-38
P 2198477 -1970,5217 -37,26 -37,12 -26,30 -66,44 -146,167 -16,62 185,102 30,38 92,86 188,152 135,12 99,-9 539,233 433,-47 606,-40 18,-40 38,-228 71,-99
P 1088453 -3126,5232 112,-13 326,-1 128,-18 45,-1 0,10 545,8
P 166085 136,5718 13,90
P 592759 5911,4413 42,-24 47,-79 40,-30 80,-100 279,-206
P 592759 6003,6206 6,113 11,53
P 5959996 11057,7962 293,-93 488,-93 310,-75 275,-6
P 5959996 13864,5471 -6,58 -77,21 96,79
P 667002 6721,8297 387,-44 227,1 312,-29 906,14 832,-42 338,-29 350,-49 517,-90 373,-38 94,-29
P 158727 12423,7695 147,4
P 393936 13877,5629 134,101 277,135 225,45 527,-35
P 495879 15704,4986 -69,132 -119,413 -21,161 444,259
P 175120 15040,5875 287,-16 237,41 396,240 16,-54 82,-65 -119,-70
P 445513 6399,3974 213,-71 461,-75
P 1119118 4857,3865 39,-81 25,-27 111,-47 10,-14 93,-24 90,-4 56,15 140,17 129,43 136,11 78,-11 127,-50 41,-33 9,-39 43,-26
P 154848 5984,3595 117,-68 265,-14 562,34
P 445336 6928,3547 27,2 48,18
P 285018 4526,4159 280,-237 51,-57
P 236302 3732,4482 73,-12 34,-20 129,-46 42,-36 7,14 157,-69 50,-10 60,2 83,-39 70,-6 67,-27 70,-38 -48,-36
P 71221 7048,3640 -82,36 -90,-86 154,149 43,89
P 97289 7003,3567 19,45 26,28
P 50020 14070,5455 2,-1
P 8160 13864,5471 171,-4 35,-12
P 493158 14072,5454 11,65 120,36 141,-48 44,-98 51,-170 -11,-126 18,-78 88,-197 38,-116 82,-130 231,55 329,125 66,-72
P 5959996 15280,4700 62,34 173,123 76,69 113,60
P 182305 -744,7086 -23,-41 20,-33 -6,-4 -229,23 -25,-8 103,-62 4,-17 -14,-51 -110,-81 -76,-71 -112,-129 -9,-23 -4,-29 179,-20 142,-71 305,39 110,53 50,39 55,24 -8,16 69,23 -13,19 34,15 -24,15 46,16 -24,15 13,7 -16,15 55,28 74,13 48,34 -355,190 -185,41
P 838174 1503,4799 30,25
P 113809 1656,7138 23,-16 110,78 221,79 12,19 31,11
P 616503 2053,7309 101,18 574,64 716,72 310,112 228,167 217,214 51,26 849,-110 939,5 553,162 -1,10 73,78 56,87
P 2198477 1625,5355 180,-81 216,-127 -290,12
P 164812 2526,4517 61,-11 77,-28 123,-8 86,6 19,-9
P 166085 149,5808 749,-92 186,-63 345,-91 106,-64 150,-37 -60,-106
P 129536 1503,4799 71,3 47,14 5,-16 -5,-11 5,0 92,74 4,20 29,-4 122,37 152,16 55,-7 31,-15 71,-9 37,-13 22,11 38,-33 107,-51
P 123614 2386,4815 22,-9 24,6 93,-43 37,-4 44,-30
P 59397 2526,4517 48,0 11,25 32,0 0,112 -12,40 7,19 -6,22
P 335071 5771,7088 441,-103 160,-13 230,-44 123,-36 36,-21 13,-35 -47,-51
P 131259 5771,7088 10,-24 -82,-20 -221,0 -202,50 -173,83 49,65 90,77 113,93 122,71 123,63 143,39 328,68 175,3 173,18 179,33 328,44
P 67961 1533,4824 146,127
P 136211 1679,4951 36,45 19,57 -3,106
P 592759 5911,4413 0,58 43,121 3,125 18,92 -11,82 -3,185 -25,171 92,149 -21,71 -7,310 7,110 -4,39 -25,50 25,230
P 592759 6020,6372 6,34 70,50 109,53 134,90 129,33 153,83 41,42 65,28
P 667002 6719,8214 134,-11 28,-112 45,-340
P 236302 2892,4467 503,-75 337,90
P 838174 -358,4557 12,-17 -5,-25 -18,-29 -142,-15 148,-61 170,-46 35,-20 55,-4 45,-22 59,-9 68,3 123,-28 53,-3 55,12 153,-106 47,19
P 281940 29,3885 110,78
P 281940 393,4126 118,43 -11,37
P 1088453 -2827,4448 161,-18 329,-11 64,-85 135,5 181,-49 177,215 212,3 144,17 294,8 472,-9 124,-11 176,44
P 29123 268,4065 125,61
P 44527 148,3974 39,50 81,41
P 31350 139,3963 9,11
P 83654 -629,3627 28,5 41,21 14,22 21,-7 56,37 81,9 118,49 51,2 78,23 22,32 69,13 79,52
P 2185826 -3292,3706 -6,-11 58,-11 101,39 248,-43 258,-25 292,18 121,29 74,0 268,29 79,29 326,-32 367,79 -4,-89 61,9 6,-158
P 106055 -1043,3569 414,58
P 281940 500,4206 -5,70 68,60 171,29 40,15
P 222504 970,4720 75,28 68,4 119,25
P 838174 -1144,4818 76,45 131,50 72,16 220,40 458,62 188,-1 26,-26 64,-30 174,-36
P 838174 -1144,4818 69,-60 268,-63 159,41 145,-56 120,-92 25,-31
P 129536 1232,4777 271,22
P 27860 774,4380 -8,29 -32,27 -69,6 -10,23 -17,7 12,17 -6,44 7,16 14,19 48,17 29,42 30,10 30,-8 92,24 76,67
P 67961 1161,4966 68,-63 157,-55 98,-23 49,-1
P 136211 265,4938 93,-69 155,-21 104,9 101,22 101,6 292,61 50,20
P 11532 888,4129 113,152
P 50937 774,3954 -53,-31 87,-77 57,-30 87,57 37,-1 31,53
P 25048 774,3954 -56,20 29,92 48,39 93,24
P 281940 814,4394 73,-22 114,-91
P 29123 393,4126 162,-94 2,-44 -44,-12 33,-51 -18,-30
P 44527 302,3867 8,11 30,-8 141,-59 53,8 15,20 -37,29 16,27
P 31350 139,3963 -67,-85 -11,-75 52,-46 36,0 85,32 49,28 19,50
P 150788 1020,3925 22,-15
P 14914 1006,3846 -2,24 38,40
P 14681 966,3740 -56,-2 -26,30 3,13 119,65
P 83654 -94,3666 167,24 -35,151 2,20 -11,24
P 27860 774,4380 40,14
P 8972 341,3700 37,12 2,14 14,8 20,-12 77,-22 -2,-31
P 19228 489,3669 19,34 246,33 35,-39 -10,-10
P 7608 235,3695 106,5
P 4444 222,3646 -38,43 51,6
P 53526 -49,3589 152,66 69,6 33,-15 17,0
P 42896 -94,3666 45,-77
P 165381 779,3687 92,9 95,44
P 11532 888,4129 159,51
P 11532 1001,4281 96,-83
P 11532 1047,4180 50,18
P 25048 774,3954 66,36 207,190
P 50937 1020,3925 18,63 9,192
P 222504 876,4597 31,8 180,9 42,51 50,-9 15,12 255,-104 107,-61 14,-23 64,-32 9,-21 32,-23 127,-73 28,-34 68,-14 62,-52 59,-14 -20,-23 -8,-28 -22,-5
P 150788 1097,4198 46,16 93,-80 42,-17 -3,-25 11,-5 73,18 12,-8 12,-28 54,-6
P 53656 1687,4169 70,24 52,-2 47,-12
P 25894 1437,4063 48,61 202,45
P 27860 814,4394 15,21 34,22 -26,9 -82,1 6,30 -6,26 13,19 -1,18 91,34 6,21 12,2
P 83235 1856,4179 79,-21 34,3
P 59050 1544,4640 -11,0 -13,-48 56,-13 41,14 196,-97 34,-32 39,-15 27,-21 55,-20 67,-46 43,-75 29,-39 31,-25 65,-88 94,-22
P 129536 1232,4777 312,-137
P 27860 876,4597 94,123
P 83235 1969,4161 287,-147 18,-29 12,-4 6,-22 18,-8 32,-44
P 97030 2342,3907 35,-28 42,-10 9,-44 -49,-15 -13,-23 100,-95 77,-33 43,36 32,13
P 39907 2297,4113 14,-25 62,-57 97,-48
P 145760 2470,3983 80,-169 38,-60
P 222504 2588,3754 30,-46
P 113809 1334,8104 25,1 66,-63 248,-175 75,-68 121,-128 64,-73 -23,-1 28,-34 20,-44 35,-38 63,-113 -3,-59
P 616503 6719,8214 2,83
P 1088453 -1970,5217 271,-3 222,-225 92,-73 0,-25 53,-60 33,-60 155,47
P 166085 136,5718 31,0 103,-60 115,-28 693,-148 267,-72 41,-22 112,14 127,-47
P 136211 265,4938 177,-10 218,9 126,31 152,90 97,38 282,87 171,15 243,-39
P 104674 2238,4355 78,-36 163,-46 40,9 4,-9 87,9 140,-28
P 59397 2259,4472 33,41 192,15 42,-11
P 39907 2238,4355 -5,72 26,45
P 95423 2750,4254 558,-12
P 164812 2892,4467 6,-9 159,-89 251,-127
P 29123 268,4065 260,-170
P 31350 148,3974 154,-107
P 14914 1042,3910 160,-31 73,-23
P 85260 1311,3882 111,-39 120,4 26,-18 -10,-8 5,-35
P 53656 1521,4026 81,-7 188,-54 58,-10
P 25894 1275,3856 46,78 116,129
P 25894 1311,3882 210,144
P 150788 1563,3786 44,5 13,15 46,24 30,7 33,-9 25,11 69,60 25,56
P 14681 1006,3846 150,-36
P 14914 1156,3810 119,46
P 14681 1120,3797 36,13
P 14681 966,3740 154,57
P 25894 1275,3856 36,26
P 85260 1301,3622 102,10 34,-14 134,7 2,85 -12,42 2,34
P 85260 1120,3797 75,-113 106,-62
P 59050 1544,4640 156,-12
P 59050 1700,4628 131,-54 206,-56 20,-32
P 59050 2057,4486 16,-29 10,-55
P 39907 2083,4402 80,-153 134,-136
P 42896 -582,3595 34,1 64,31 55,-53 145,60 26,-25 164,57
P 83654 -629,3627 47,-32
P 25894 1521,4026 88,69 78,74
P 53656 1856,4179 74,-197
P 53656 1848,3955 44,31 38,-4
P 123614 1700,4628 56,13 94,45 226,86 185,40 125,3
P 59397 2057,4486 92,55 176,73 153,49 128,72
P 39907 2238,4355 -4,-22 87,-112 -7,-51 32,-58 111,-101
P 95423 2750,4254 -6,-11 25,-1 6,-18 26,-23 5,-13 -8,-6 23,-30 95,-30 -15,-20 13,-12
P 104674 2457,4011 65,25 167,28 90,30 135,-4
P 39907 2083,4402 176,70
P 83235 2097,3809 17,-15 25,30 117,16 86,67
P 83235 1930,3982 60,-38 107,-135
P 22089 2330,3526 2,25 47,40 145,-19 93,-22
P 97030 2617,3550 1,158
P 97030 2097,3809 64,-145 59,-69 110,-69
P 22089 2616,3469 1,81
P 22089 2330,3526 156,-31 7,-8 123,-18
P 39907 2457,4011 13,-28
P 131259 5771,7088 -96,32 -57,38 -18,54 8,37 53,44 91,51 202,93 135,52 187,47 538,70 226,51
P 335071 6727,6785 159,36 28,-9
P 335071 6914,6812 -42,14 144,68 108,77 60,136 -18,43 9,20 63,50 141,268
P 335071 7040,7657 339,-169
P 131259 6926,7751 114,-94
P 67961 1161,4966 311,127 68,-7 36,-31 55,-20 29,-37 19,-47
P 592759 6914,6812 44,-27 -5,-60
P 96911 6208,5013 76,183 44,200
P 445513 6208,5013 -88,-209 45,-410 37,-196 16,-45 80,-92 101,-87
P 591856 6328,5396 111,342 63,274 67,378 18,173 198,109 168,53
P 667002 7379,7488 182,-61 112,-22 141,-15 351,-6 551,22 25,-5 138,20 -85,-7 946,108 507,86 152,34 181,57 -36,2 33,2 206,99 215,158 59,2
P 158727 12382,7682 41,13
P 245639 12382,7682 -419,-72 294,-70 193,-69 135,-20 68,-35 141,-20 63,-41 298,-107 51,2 177,-50 90,-59
P 1590264 9751,4439 -97,47 -82,60 -130,75 28,29 84,28 -56,33 -51,48 -114,153 -20,37 137,-13 281,6 214,-6 177,8 118,-6 184,18 236,58 198,27 198,70 102,50 105,-11 114,1 322,48 68,14 50,42 46,27 139,33 101,45 206,16 170,36 137,-19 141,-4 262,-29 98,-2 332,-29
P 480067 12880,7131 206,-35 68,-4 71,72 46,18 94,-31 108,-10
P 480067 13218,6401 411,-60 115,-25 -41,-88 -70,-57 -8,-68 35,-77 -16,-202 44,-104 31,-35
P 92619 12880,7131 -106,61 -98,25 76,-100 -64,-120 -52,-48 5,-63 -34,-167 -45,-77 40,-57 0,-21 40,-33 -23,-74 66,-33 60,-3 179,-32 146,14 148,-2
P 393936 13719,5685 54,-81 104,25
P 209848 8476,4703 123,-1 93,13 50,29 150,-85 152,-53 121,-88 35,-12 170,-16
P 837766 9370,4490 381,-51
P 392456 13664,5359 198,29
P 503717 13449,5329 215,30
P 140023 7754,5118 39,-78 57,-42 152,-43 243,-178 106,-52 53,-18 72,-4
P 591856 6953,6725 -24,-42 -32,-2 14,-6 -1,-10 -37,-32 16,-50 47,-119 38,-70 113,-69 -9,-53 -88,-239 6,-34 119,-179 226,-157 114,-91 78,-85 66,-85 104,-201 51,-83
P 8160 13862,5388 2,83
P 158727 13888,7902 120,3 182,45 178,-146 -26,-30 338,-118 202,-51 512,-39 155,-21 92,-41 173,-40
P 213582 16515,7455 -64,127 -57,58 -143,66 12,32 -145,24 -68,24 -42,39 -167,59 -7,79 198,-17 1153,-146 85,-23 106,-11 110,-25
P 343790 15814,7464 701,-9
P 55188 13654,7711 110,20 313,-68 10,-23 161,-76 38,-88 62,-61
P 55188 14185,7399 163,16
P 55188 14044,7380 141,19
P 55188 13654,7711 -29,-112 -171,-71 173,-56 417,-92
P 158727 14348,7415 104,9 183,-14 637,12 399,22 143,20
P 158727 12382,7682 -39,-12 252,3 384,47 365,18 167,-14 71,-27 72,14
P 213582 16515,7455 164,-5 209,-40 194,-19 171,-43 66,-60 113,-39 159,-13
P 213582 17591,7236 179,48
P 155935 14185,7399 95,-15 196,-71 132,-35 662,-59 136,-48 241,-37 147,-34 220,-137 78,-32
P 321956 16859,6986 46,63 90,56 96,32 110,26 390,73
P 343790 16092,6931 143,39 112,3 260,-9 252,22
P 155935 14044,7380 -102,-14 178,-49 15,-31 90,-51 69,-50 122,-37 123,-74
P 155935 15730,6960 129,-29 167,-53
P 155935 14539,7074 230,-21 227,19 265,5 227,-55 86,-30 156,-32
P 62428 16026,6878 412,-132 149,-58 133,-38 241,-42
P 155935 16092,6931 243,-106 271,-81 322,-73 228,27
P 68744 16961,6608 49,5 88,43 58,42
P 321956 -18000,6919 386,-108 361,-90 94,-35 67,-3 245,16
P 321956 16859,6986 203,34 630,-54 216,-39 92,-7
P 165288 -16847,6699 228,11 301,-10
P 245639 13473,7141 194,-86
P 245639 13667,7055 178,27 104,5 353,3 237,-16
P 837766 9751,4439 258,-57 265,-12 142,-32 74,-26
P 423249 10490,4312 156,-9 272,78
P 503717 10918,4381 57,35 45,99 31,7 108,59 267,102 259,63 170,32 546,66 143,24 266,70 125,70 65,46 85,85 88,105 33,24 78,33 115,12 50,16
P 92619 12880,7131 34,-53 -21,-162 -67,-140 -25,-129 49,-60 108,-80 260,-106
P 260353 13667,7055 -203,-67 -116,-77 48,-61 136,-93 49,-54 160,-89 210,-73 209,-59 76,-6 68,21 94,-12 167,-75 138,-91 76,-66
P 393936 13719,5685 72,48 81,217 388,257 65,14 90,-11 48,45 168,24 148,-26
P 172045 15505,6472 182,-106 61,-57
P 196580 14796,6440 -247,104 -84,27 -293,18 -101,22 -131,42 -65,33 -15,10 4,17 -43,45 4,19 57,7 88,87 154,60 171,21 519,-5 295,26 621,-13
P 196580 15008,6328 61,-42 181,-19
P 52364 15161,6401 31,-20 58,-14 51,8 47,21 37,40 120,36
P 32570 14174,6795 -130,-23 -79,12 9,43 113,44 101,23 113,2 100,-23 25,-24
P 32570 14796,6440 92,63 60,5
P 32570 15008,6328 73,18 69,28 11,27
P 159246 14174,6795 -15,-16 105,-10 59,3 228,-75 56,-30 107,-2 295,-71 2,-24 -75,-26 12,-36
P 159246 14426,6849 230,22 26,23 54,-17 164,10 489,5 310,-7 283,-48
P 62428 15982,6837 44,41
P 196580 15250,6267 131,24 367,18
P 52364 15505,6472 2,53 -38,38 61,128
P 80822 15530,6691 103,-3 319,-61 447,-159 308,-90
P 172045 15748,6309 171,-30 169,-74
P 172045 16088,6205 179,17 157,38 196,64 87,54
P 32570 14796,6440 212,-112
P 260353 14779,6253 86,-45 100,-32 143,-5 78,9 79,43 -15,44
P 32570 15104,6436 57,-35
P 52364 15104,6436 48,40 9,24 -47,18 10,55 65,67 67,22 91,52 199,11
P 52364 15530,6691 16,34
P 32570 14174,6795 27,27 225,27
P 32570 14948,6508 101,-46 32,-36 23,10
P 80822 15546,6725 182,5 50,8
P 62428 15778,6738 57,10 103,40 44,49
P 62428 15778,6738 308,-53 96,-26 197,-23 183,-64 190,-2 249,-22
P 80822 16707,6378 294,170
P 62428 16961,6608 13,-45
P 62428 16974,6563 27,-15
P 165288 -17065,6311 46,100 115,204 57,84
P 68744 -18000,6602 314,-105
P 68744 17156,6698 108,70 138,8 236,-34 5,-15 357,-124
P 175120 15040,5875 8,39 237,59 219,-8 128,82 78,61 202,63 127,31 49,3
P 292632 16304,6015 202,63 425,99 59,3 126,-31
P 175120 15939,5951 63,-51 302,115
P 495879 15704,4986 159,84 95,38 199,141 164,103 109,198
P 68744 -18000,6491 116,-40
P 68744 17446,6653 16,9 90,4 44,-18 -11,-29 8,-18 75,-2 145,-38 187,-70
P 175120 16304,6015 23,28 145,93 288,133 124,49 137,108 287,147 98,40 40,40
P 68744 16974,6563 44,10 184,9 43,12 116,58 85,1
P 209848 8723,4360 64,28 44,8 100,-15 57,0 201,64 181,45
P 209848 8492,4387 231,-27
P 199706 8201,4514 48,-36 83,-46 160,-45
P 140023 8429,4644 47,59
P 91256 8201,4514 129,64 99,66
P 423249 10490,4312 140,-66
P 516787 8975,3858 -86,-27 50,8 292,76 201,30 187,48 88,-3 186,-51 125,-55 44,-42 201,-72 61,-34 154,-40 59,-29 99,-31 -1,7
P 364446 8438,4299 138,24 147,37
P 445513 8438,4299 319,-44 166,-73
P 645820 8923,4182 61,-25 81,-19 181,-70 -143,-153 -128,-57
P 837766 10630,4246 86,-29 74,-13 89,15 -97,-38 -66,-40 -35,-34 -70,-111 -29,-83 -5,-73 19,-69 35,-78 4,-50
P 392456 13069,4340 -34,68 -34,-2 -10,55 42,163 95,237
P 423249 10918,4381 222,-11 459,64 399,167 205,11 200,31 194,45 205,70 198,52 128,51
P 423249 10630,4246 615,39 663,100 456,-3 705,-42
P 392456 13128,4861 12,25 61,55 92,61 226,121 112,155 42,83 -9,-2
P 392456 13069,4340 70,-109 48,8 146,5
P 201334 13333,4244 80,177 103,130 170,257 124,232
P 23375 13810,5040 2,11
P 50020 13812,5051 48,304
P 8160 13860,5355 2,33
P 516787 8736,3790 61,-26 130,9 50,-7 165,-69 135,-39 81,-33 117,-30 102,-15 22,-14 137,9 51,15 102,6 54,-9 100,-42 81,0 189,-61 57,-9 42,-18 42,-33 49,-18 195,6 93,-18 86,-1
P 516787 8736,3790 239,68
P 516787 10635,3643 51,-50 36,-72 39,-49 105,-60 11,-19
P 521846 7657,3712 232,-20 207,-48 166,-26 57,15 128,73 61,12 147,57 81,15
P 71221 7657,3712 29,-54
P 97289 7686,3658 12,-22
P 521846 10877,3393 60,-26 47,-9
P 521846 9619,3382 111,-28 146,-24 32,-16 92,-7 233,2 175,48 82,10 100,25 122,-2 85,-22 187,-10
P 331624 8353,3514 482,22 208,-3 113,-30 133,-20 22,-15 76,-27 65,-12 28,-18 139,-29
P 264399 7698,3636 133,-17 101,-62 100,-31 109,-13 212,1
P 222171 6954,5369 17,-66 9,-92 -46,-107 -154,-177 -10,-59 -11,-221 13,-37 43,-46 176,-149
P 96911 6328,4905 20,6 21,-12 19,2 100,93 117,209 101,109
P 222171 6328,4905 24,-47 45,-62 138,-154 324,-183 132,-44
P 222171 6706,5312 63,64 68,10 25,-14 51,9 41,-12
P 204035 7332,5307 -34,-59 -55,-127 -37,-46 -172,-69 -40,-55 -20,-65 -5,-64 7,-62 14,-26 62,-57 41,-76 102,-74 41,-39 76,-51 242,-129 117,-27 72,-7 57,7 198,64
P 199706 7998,4345 205,25 249,6 40,11
P 364446 6991,4415 61,-55 81,-48 195,-77 70,-19 50,-2 94,11 96,-40 134,4 160,25 178,39
P 364446 8110,4253 248,55 53,0 27,-9
P 364446 6954,5369 26,-9 36,2 17,21 32,2 114,-11 30,-17 90,-27 33,-23
P 199706 7210,4997 -42,-36 -8,-46 2,-116 58,-95 85,-100 68,-41 225,-60 155,-70 181,-43 188,-30 -124,-15
P 140023 7210,4997 108,44 53,86 20,62 33,54
P 204035 7332,5307 30,-37 62,-27
P 140023 7210,4997 127,13 46,12 131,80 34,6 22,-22 39,-103
P 108025 7609,4983 -89,-1 -45,-19 -71,-75 -8,-77 148,-162 52,-44 407,-105
P 91256 8003,4500 198,14
P 108025 7609,4983 194,-184 33,-12 66,-3
P 91256 7902,4784 76,-3 144,-58 88,-12 148,-59 41,-10 30,2
P 140023 7424,5243 105,-30 46,-21 36,5 50,-50 93,-29
P 91256 7902,4784 -103,-70 -1,-28 23,-22 41,-63 58,-59 83,-42
P 96911 6251,4914 49,92 28,-101
P 96911 6208,5013 12,30 31,-129
P 96911 6328,5396 178,-63 108,-25 92,4
P 389450 6251,4914 -50,-78 0,-37 29,-38 27,-62 38,-235 49,-54 159,-126 113,-79 256,-145 65,-16 153,-17 62,27 44,60 83,58 120,-39 101,-75 387,105 108,35 115,55
P 445513 7551,3917 48,91 461,173 210,44 296,4 154,-24 110,-32 93,9
P 71221 7073,3828 22,44 92,33 168,39 72,6 124,-33
P 82363 7964,807 6,-49 14,-31 -9,-33 20,-81 34,-26 29,-6 54,16 53,30 20,28 11,37 -7,60 -59,120 -43,62 -54,54 -44,-4 -25,-27 13,-92 -13,-58
P 4968952 5754,1144 14,-9 100,223
P 4968952 5939,1532 84,316 61,170 36,64 61,76 168,137
P 445336 6669,2750 34,262 25,0 96,126 203,297
P 455420 6349,2295 42,31 162,84 -17,16 130,96 8,25 -27,40 22,163
P 4748549 7298,-1063 86,551 18,58 20,-3 127,957 53,311 15,47 30,-49 16,-67 25,-32 40,-13 35,14 33,-60 -40,-621 -198,-173 106,-25 -15,-107 249,-66 -7,-54 144,-32 -3,-100 148,-27 6,-114 303,-50 76,593 113,-15 -2,324 464,-50 30,457 107,-20
P 4748549 7353,-1072 -66,-270 45,-27 -4,-91 292,-85 -5,-44 109,-36
P 18427 7027,3435 197,49 21,9 18,32
P 22503 7263,3525 14,14 32,3 7,-4 4,-33 30,-10 69,39 42,18 18,0
P 7441 7484,3547 -12,-11 1,-26 25,-47 60,-18 144,-15
P 674147 9443,2963 72,23 26,-6 76,-58 53,-63 20,-39 -2,-56 14,-35
P 514918 7479,3552 5,-5
P 514918 7702,3430 205,-143 146,-126 56,-66 313,-126 172,-36 217,-25 248,15 308,-5 76,45
P 449947 9344,1474 52,119 -19,135 -36,165 -289,287 41,86 31,113 121,85 51,76 230,182 101,37 48,-6 27,-24
P 101001 9277,571 -77,377 21,221 17,77 38,130 68,98
P 13170304 5700,1015 -8,-18 6,-11 28,-18 23,26 57,-41 -4,-8 24,-16 -11,-20 28,-23 -18,-21 67,-48 -4,-7 43,-33 -9,-10 96,-72 -14,-18 162,-128 -13,-23 147,-115 -13,-22 46,-26 6,7 43,-22 7,12 73,-38 6,8 53,-38 28,38 89,-55 -39,-70 68,-43 -18,-29 38,-26 -21,-35 50,-38 -32,-38 37,-30 -19,-24 64,-46 -29,-40 56,-47 -14,-18 46,-45 -36,-35 78,-88 -32,-35 40,-43 -55,-49 41,-43 -83,-79 51,-56 -48,-43 26,-40 -43,-38 40,-46 -95,-78 29,-36 -92,-72 33,-41 -62,-45 25,-35 -72,-46 67,-81 -55,-44 39,-51 -28,-20 145,-196 -35,-20 38,-52 -240,-140 142,-202 32,21 29,-35 27,15 28,-30 18,9 13,-19 31,18 35,-42 -28,-17 37,-57 55,-64 -40,-30 105,-132 -45,-33 54,-64 -35,-29 50,-51 -13,-16
P 13170304 5725,1074 29,70
P 2125731 5700,1015 25,59
P 13170304 6996,-2564 193,233 -51,99 12,6 -48,82 36,34 -154,174 -24,-14 -46,40 -47,-28 -189,207 144,105 86,-115 123,-132 95,67 170,-199 -57,-39 81,-102 4,6
P 13170304 7503,-1888 35,50 87,58
P 13170304 6720,-1115 55,44 -28,36 44,37 -40,46 10,10 -8,12 172,174 5,-7 -97,-100 74,-77 -86,-83 93,-138 -67,-48 165,-247 -182,-133 -20,29 88,63 -155,190 28,20 -10,16 52,40 -93,116
P 1119118 4404,3816 -11,-7 -2,-30 40,-55 33,-30 39,-60 65,-70 77,-50 139,-168 141,-35 103,-41 99,-63 78,-97 110,-104 284,-165 31,-2 64,-30
P 455420 5694,2809 16,-57 -3,-86 -46,-75 -23,-97 36,-125 145,-62 255,-32
P 455420 6274,2286 75,9
P 108226 3445,2751 15,39 -7,4 26,41 5,24 -7,5 13,23 -9,3 18,45 -6,4 26,61 38,133 3,27 -8,4 12,112 -5,0 6,78 12,20 -11,89
P 394263 3586,3639 20,22 7,21 70,35 16,21 58,32 161,76 75,26 35,-2 68,47
P 285018 4096,3917 308,-101
P 2125731 4337,1201 196,4 19,-7 12,18 47,-10 9,11 23,-8 15,20 27,-8 14,19 14,-4 3,10 38,-9 11,15 25,-6 15,21 30,-10 10,16 25,-7 18,25 40,-11 40,51 49,-19 14,19 26,-9 9,14 59,-24 32,55 10,-1 12,19 45,82 43,-11 7,12 112,-33 21,42 38,-15 10,25 50,-16 6,14 52,-17 58,-4 61,-34 -6,-9 28,-14 -7,-13 84,-49 -17,-31 49,-31 -59,-139
P 262531 3941,1889 39,-39 107,-180 108,-135 51,-150 77,-93 28,-58 -14,-33
P 4968952 3445,2751 79,-119 163,-278 63,-59 33,-62 24,-122 27,-86 38,-62 69,-74
P 4968952 3566,3463 21,64 -1,112
P 154848 5984,3595 48,-119 28,-116 11,-88 -2,-80
P 445336 6069,3192 -2,-126 14,-37 108,-113 28,-61 50,-54 39,-24
P 455420 5694,2809 34,-15 29,-54 40,-27 42,-15 71,-9 53,2 46,-13 123,21 132,51 42,27
P 285018 4404,3816 25,7 390,31 38,11
P 154848 6069,3192 356,152 217,78 148,21 78,36 19,30 41,38
P 445336 6306,2777 39,-20 265,58 59,-65
P 18427 7027,3435 26,37 236,174
P 22503 7289,3646 14,10
P 97289 7003,3567 118,46 182,43
P 108226 3445,2751 -154,140 -54,155 3,131 46,-3 41,11 -49,-101 67,14 55,37 75,105 55,107 36,116
P 322817 9299,513 74,-133 59,-72 135,-129 62,-81 73,-128
P 101001 9277,571 14,-60 8,2
P 4748549 7625,-1780 170,-132 -18,-29 239,-122 16,25 82,-37 -22,-52 93,-71 -25,-67 127,-97 -15,-35 154,-106 -23,-65 198,-56 -19,-82 102,-32 -55,-164 28,-37 228,-86 -23,793 8,225 60,0 -2,225 102,6 9,560 118,-2 12,210 15,0 16,263 22,191 104,-10 16,156 74,0 20,122 87,-5 6,94 136,-3 6,171 31,-1
P 878770 6252,-5902 12,-153 292,-15 -4,38 678,27 7,-33 316,4 29,-47 498,33 77,-46 54,-73 98,-45 102,-157 29,3 3,-8 1044,176 -437,334 -802,215 -372,81 -266,-27 -170,-4 -19,1 -73,33 -106,-6 -87,-47 -263,-9 -129,20 -104,31 -61,64 -53,9 -31,-14 -17,-82 -62,-84 61,-32 -87,-109 -157,-78
P 18427 7263,3525 9,74 17,47
P 22503 7303,3656 127,-28 48,-46
P 22503 7478,3582 -6,-8 7,-22
P 95423 2914,4090 182,-36 163,29 204,22 71,-5 78,-15
P 95423 3310,4241 212,-100 90,-56
P 95423 3308,4242 2,-1
P 145760 2588,3754 17,42 72,18 3,10 32,16 41,12 125,106 189,16 111,-7 58,13 96,8
P 67189 3332,3988 89,18 139,50 37,-2 51,19
P 145760 3612,4085 36,-12
P 67189 3332,3988 58,-74 140,-46 112,0 160,62 148,41
P 285018 3950,3971 12,-11 107,-28 27,-15
P 394263 2616,3469 97,6 89,22 89,43 45,59 3,67 26,1 89,-30 57,20 53,2 46,-20 68,-94 79,1 91,22 138,71
P 67189 3648,4073 22,-19 54,-26 61,-13 56,0 78,-23 31,-21
P 236302 3310,4241 103,-6 474,-61 252,-9 166,31 125,-7 85,-21 11,-9
P 7441 7484,3547 37,-35 98,-58 68,-13 15,-11
P 10774 12008,1363 12,-30 29,-26 7,-24 23,-32
P 10774 12008,1363 102,-53 21,-22 36,-64
P 10774 12079,1251 27,-44 61,17
P 35885 12364,734 29,-21 -2,-47 22,-50 110,-48 0,-48
P 35885 12364,734 -1,32 24,14
P 35885 12523,520 79,5
P 35885 12387,780 57,-33 147,-109
P 35885 12591,638 11,-113
P 37468 12006,-192 89,-82 137,-63 124,-38
P 37468 11994,-83 74,-89 119,-60
P 37468 11985,-94 21,-98
P 37468 11985,-94 9,11
P 37468 12187,-232 91,-29 57,-37 21,-77
P 97300 12156,-804 127,12 275,5
P 49260 12667,-591 86,-55
P 258847 12006,-192 91,-337 59,-275
P 71270 12558,-787 14,42 23,5 57,6 62,-8 121,2 -39,27 -43,67
P 258847 12356,-375 -6,-73 196,-120 92,-40 29,17
P 22379 12814,-205 113,49 88,57
P 22379 12659,-120 75,-53 28,-8
P 22379 12659,-120 58,0
P 22379 12717,-120 171,12
P 22379 12888,-108 127,9
P 22379 12762,-181 52,-24
P 71221 7551,3917 24,-60 36,-52 46,-93
P 71221 7048,3640 31,32 38,67 48,59 79,35 100,12 75,-12 65,-25 202,-150
P 97289 7478,3582 29,28 55,17 82,14 54,-5
P 3007316 10984,3358 223,-88 239,-135 135,-62 82,-2 68,71 68,-14 143,-10 185,39 452,-33 206,12 73,22 38,34 18,-4
P 201334 13333,4244 125,40 53,30 113,89 251,241
P 223456 13875,4644 155,-281
P 51863 13887,3959 57,33 22,177 -4,104 38,27 -7,44 37,19
P 76638 13765,3917 122,42
P 339883 12914,3188 -11,148 69,281 309,208
P 78136 13281,3825 315,262 169,-170
P 94384 10756,1955 143,88 85,-40 96,-23 122,-16
P 674147 9877,2745 61,-69 52,-85
P 119738 9990,2591 24,-38
P 178978 10014,2553 51,-66 152,-136 96,-43
P 79977 10313,2308 98,-52 111,-107 189,-164 45,-30
P 514918 9877,2745 5,35
P 826048 11202,1964 70,-7 117,1 133,39 71,46 39,58 61,47 118,57 116,45 50,55 16,-81 -18,-97 73,15
P 331624 9619,3382 12,-20 93,-69 51,-55 69,-131 39,-159 -1,-168
P 339883 12914,3188 0,-7
P 267656 12914,3181 5,-120
P 129979 12158,2372 0,44 22,78 121,2 137,28 56,59 85,54
P 151171 12579,2637 132,149 208,275
P 254482 12048,2142 41,70 8,48 43,64 18,48
P 73364 10962,1677 1,-4
P 89386 10952,1706 10,-29
P 79977 10756,1955 176,-201 20,-48
P 94384 10963,1673 57,66 77,67 55,33 50,125
P 119738 9990,2591 3,-167 -24,-111 20,-64 -5,-73 10,-64 -39,-69 -36,-153 -33,-80 7,-79 44,-65 37,-100 57,-67
P 313208 9567,586 120,117 -40,393 -7,424
P 313208 9696,1661 9,-23 225,-250 108,-100
P 546801 10031,1499 7,-211
P 514918 9443,2963 91,46 192,-91 142,-172 9,-1
P 449947 9489,602 -57,77 -24,45 35,20 -30,57 -27,80 -5,23 26,8 -29,125 32,7 -2,36 122,23 -10,167 48,5 0,48 15,0 0,53 19,1 2,141 36,2
P 449947 9667,2675 86,-5 -11,22 -40,37
P 143555 9489,602 78,-16
P 239688 9667,2675 -2,-56 -41,-134 -11,-238 1,-142 8,-85 74,-359
P 119738 10014,2553 14,-246 61,-97 19,-47 10,-117 -24,-85 -14,-128 -51,-68 -18,-56 6,-92 10,-46 10,-11 -6,-59
P 119738 10031,1499 0,2
P 313208 10024,1226 14,62
P 313208 9636,1596 4,-76
P 296060 9756,631 14,78 71,77 -1,19 20,57 89,146 28,65 47,153
P 185023 9751,552 5,79
P 143555 9567,586 94,-28 90,-6
P 239688 9636,1596 16,177 44,-112
P 178978 10161,1414 -14,184 9,73 -2,148 31,65 16,65 79,122
P 546801 10161,1414 246,-159 170,-141 202,-202 70,-130 -15,-127 18,-238 30,-66 47,-70
P 23403 10670,1695 16,-48 25,-19 278,-101
P 73364 10284,2044 12,-40 -10,-19 3,-34 185,-150 139,-83 57,-23
P 89386 10280,2071 4,-27
P 696569 10917,880 40,155 31,178 8,89 -7,225
P 474258 10917,880 11,-189
P 147164 10964,417 24,-95 51,-111 50,-48
P 75776 10928,691 36,-274
P 40304 10929,281 160,-118
P 178978 10031,1501 19,-19 111,-68
P 89386 10280,2071 23,58 11,65
P 79977 10313,2308 1,-114
P 524712 10742,395 62,-127 87,-39 54,10
P 296060 10024,1226 87,-234 57,-103
P 510551 10168,889 164,-137 275,-250 134,-98 1,-9
P 40304 10929,281 16,-42
P 23403 10670,1695 309,-100
P 23403 10979,1595 10,-68
P 73364 10284,2044 78,-71 46,-30 275,-154 187,-83 92,-29
P 73364 10963,1673 16,-78
P 79977 10314,2194 29,-50 341,-247 197,-117 71,-74
P 331624 9753,2972 73,-67 56,-125
P 264399 7478,3582 61,-12 124,-42 76,-53 54,-29 118,-42 118,-73 187,-38 57,-22 59,-3 175,-33 150,12 51,-10 67,12 42,-14 283,-37
P 264399 9314,3193 73,-6 160,-54 129,-115 52,-15 25,-31
P 8357 9100,3198 78,-20 84,3 52,12
P 143555 9372,573 155,-14 -38,43
P 101001 9344,1474 68,-42
P 101001 9372,573 -74,215 -31,222 31,79 56,74 8,191 95,50
P 239688 9412,1432 41,136 44,201 -7,95 -60,182 -23,115 -9,167 10,64 52,110 74,101 64,58 69,14
P 239688 9457,1404 7,-4 2,82 170,114
P 1410337 12213,2026 51,-8 2,-93 27,-2 -3,-39 231,-53 -2,-10 320,-61 4,-50 105,-18 -9,-39 138,-19 -1,-37 95,-6 -4,-31 245,-45
P 887976 13412,1515 -12,-73 14,-6 4,-18 11,-96 -2,-23 -13,-13 7,-48 -11,-15 18,-6 9,13 31,-3 -31,-29 4,-26 11,-10 -3,-18 -17,-1 -4,-19 22,-15 12,-79 -16,-38 3,-23 10,-12 -18,-20 -6,-31 8,-47
P 363242 12189,1527 16,-10 223,-20 51,-58 146,-240 30,-64 43,-219 26,-80 4,-57
P 363242 12728,750 10,-101 20,-100
P 94379 12758,549 55,-79 67,-155 19,-66
P 78922 12899,249 28,-97 178,-151 51,-27
P 220534 13267,-23 -12,354 72,213
P 59323 13327,544 -24,-3 -13,12 -15,0 -10,-23 -8,20 31,57 86,78 14,53 40,37 -2,16 17,17 -6,48 6,3
P 207970 13156,-26 111,3
P 254482 12189,1527 73,131 17,66 -7,80 -35,157 -24,65
P 887976 13288,3034 24,-7 -16,-8 29,-60 2,-22 24,-5 7,-13 -9,-17 28,-5 18,-19 -16,-14 4,-16 15,3 2,-9 22,-8 1,-9 -20,-13 10,-11 22,7 -6,-29 34,-13 19,-23 -3,-19 37,-18 -1,-10 -27,-14 -33,-2 -9,-15 18,-6 74,1 9,-16 -1,-37 43,-42 -9,-32 -19,-2 -7,-15 8,-14 39,-2 -5,-42 9,-34 15,-1 28,-27 6,-44 21,-56 0,-23 -13,-15 3,-22 -24,-15 6,-15 10,0 -25,-13 -4,-20 24,-8 -5,-14 -34,-14 20,-29 -13,-31 8,-14 -6,-8 -32,4 -17,-14 38,-15 -1,-15 -20,-28 -34,-11 14,-10 0,-14 -8,-21 -10,-6 -12,-59 -12,-17 -18,-5 -25,-61 -15,-10 0,-37 -10,0 -8,-14 14,-14 6,-30 -26,-20 14,-13 -24,-20 6,-14 -7,-18 -18,-12 6,-51 -11,-15
P 267656 13132,2880 102,143 54,11
P 129979 12159,2303 212,10 202,52 121,54 78,84
P 151171 12772,2503 65,69 184,153 111,155
P 254482 12159,2303 14,-170 40,-107
P 774905 13468,862 61,322 300,-15 30,32 22,7
P 774905 13846,2550 30,-77 27,-135 32,-262 4,-103 -14,-81 -3,-132 9,-277 52,-303
P 774905 14037,1139 10,-51
P 265428 13471,736 117,28
P 533274 13846,2550 137,83 18,-5 -7,-21 -21,-3 -14,-12 8,-17 -17,-16 17,-15 32,12 -9,-22 7,-11 -11,-8 -2,-28 19,-5 17,-24 13,-3 0,-30 -17,-17 -17,-58 21,-27 21,24 10,31 22,21 19,-5 -22,-14 0,-10 41,-9 -19,-14 -7,-19 28,-37 31,-19 13,9 -23,-92 28,-5 12,9 3,-11 -26,-23 19,-7 43,7 76,71
P 59323 13468,862 9,-59 -6,-67
P 59323 13588,764 26,13 35,50 36,11 4,21 20,18 20,0 20,22 19,8 21,61 -3,45 -9,6 3,23 27,28 -20,-3 -9,10 6,18 33,52 64,61
P 215653 13983,1180 31,-1 45,-23 0,-10 -22,-7
P 215653 14289,2230 32,-58 19,-93 14,-23 34,0 16,-64 22,-3 21,-50 10,0 38,-165 -12,-103 -176,-442 -129,7 -33,-32 0,-18 27,9 10,17 31,-1 8,-31 88,1 0,-26
P 774905 14047,1088 140,43 102,15 20,9
P 267656 13288,3034 -9,2 -3,36 37,-27 93,75 191,85
P 533274 13597,3205 61,-127 188,-528
P 59323 13443,859 25,3
P 59323 13837,1023 7,54 22,19 6,19 3,55 15,25 -9,13
P 215653 13983,1180 -29,-14 -12,-18 -17,0 -7,-26 48,9 12,-10 38,3 21,15
P 887976 13837,1023 41,12 21,22 49,24 99,7
P 474258 10917,880 73,52 145,142 23,8
P 181117 11158,1082 329,255 49,45 -6,16 59,70 119,36 14,-11 101,30 9,-9 121,41
P 18775 11366,1718 53,-32 60,43 108,11 -10,86 -42,16 -169,-124
P 254482 11953,1555 -4,57 11,61 5,115 23,76 -3,66 18,29 45,183
P 199692 11317,543 166,131 164,157 55,68
P 75776 10928,691 78,-17 35,-24 191,-45 85,-62
P 181117 11158,1082 13,-25 -5,-5 113,39 93,77 60,37 126,11 77,68 41,-8 62,-31 146,0
P 136916 11702,899 102,130 26,93 29,42 25,81
P 358833 11263,-555 22,33 151,140 118,292 142,230 114,223 40,17
P 37533 11863,480 57,-5 48,-15
P 52246 11354,49 41,-20 55,15 75,41 108,144 43,80 22,75 42,39 58,34 65,23
P 328953 11850,380 13,20 105,60
P 510551 10742,395 25,-185 100,-319 -16,-159
P 183446 10851,-269 323,-275 89,-11
P 285982 10851,-268 0,-1
P 40304 10945,239 46,-119 23,-32 31,-16 164,-39 73,-2 49,7 23,11
P 147164 10964,417 68,-55 92,-57 92,-38 98,-12 43,16 27,25 24,8 19,0 23,-21 19,-5 11,12 0,11 39,23 7,11 10,33 -6,27 15,24 7,7 31,-13 7,9 18,81 -3,41
P 39854 11605,544 31,-46
P 52246 11378,67 52,14 92,60 36,33 37,60 23,45 18,219
P 40304 11089,163 97,-53 127,-41 65,-2
P 75776 10964,417 84,29 96,8 82,22 91,67
P 39854 11605,544 -7,58 5,38 72,100
P 136916 11698,833 4,66
P 32977 11675,740 21,56 2,37
P 328953 11850,380 -9,-25 17,-31 142,-188
P 183446 11263,-555 2,0
P 269795 11547,-590 161,-5
P 274670 11708,-595 132,257 -5,209 113,186
P 151695 11948,57 52,79
P 258867 11265,-555 282,-35
P 37533 11701,604 65,88
P 39854 11636,498 7,33 32,12 26,61
P 39854 11766,692 60,75 83,138
P 32977 11675,740 84,47 150,118
P 37533 11701,604 15,0 11,-11 3,-61 30,-32 25,-10 78,-10
P 37533 11968,460 4,2
P 37533 11777,632 122,-9 -3,-5 76,-156
P 37533 11766,692 4,-59 7,-1
P 40304 11354,49 24,18
P 109961 13426,-536 20,17 27,100 63,56
P 393577 13380,-616 46,80
P 301870 13536,-363 18,-7 122,19 67,-18 99,7 80,-11 243,-111 174,-40 181,-78 90,-86 5,-61 33,-25 33,-40 30,-68 -1,-62 -13,-4
P 665388 13380,-616 11,-67 35,-23 48,53 34,69 106,-29 83,-133 -44,-60 16,-33 31,-13 73,-14 27,-44 435,-111 242,17
P 116730 14477,-1004 23,1 197,55
P 105639 13077,-273 60,17 203,26 77,21 34,30 105,36
P 109961 13077,-273 56,-26 84,-60
P 109961 13217,-359 39,-43 43,-26 20,-48 61,-65 29,-9 17,14
P 109961 13556,-143 25,-5
P 109961 13536,-363 -16,7 61,208
P 105639 12814,-205 49,-32 185,-26 29,-10
P 105639 13015,-99 30,2
P 105639 13115,-89 91,16 76,3 274,-73
P 105639 13045,-97 38,-41 14,-2 19,32 -1,19
P 264399 8353,3514 25,-6 37,-33 56,-12 58,-64 -32,-14 54,-4 25,-30 28,-2 45,15 36,-11 4,-9 31,-6 198,2 74,-30 48,-6 69,-88
P 264399 9306,3200 133,-2 216,-86 65,-63 28,-51 5,-26
P 8357 9109,3216 110,18 87,-34
P 8357 9100,3198 9,18
P 8357 9306,3200 8,-7
P 23375 13810,5040 49,35 314,59
P 201334 14063,4838 72,136 33,103 5,57
P 201334 13875,4644 75,92 113,102
P 23375 13812,5051 36,60 45,42 48,27 218,77
P 23375 14159,5257 14,-123
P 8160 13860,5355 88,64 35,1 87,35
P 50020 14072,5454 84,-100 3,-97
P 223456 14063,4838 121,-297 52,-105 -8,-33 27,-10 8,-56 -12,-31 29,-51 5,-47 45,-85 117,-74
P 493158 14447,4049 134,163 49,177 -7,21 218,57 205,99 234,134
P 51863 14030,4363 11,-5 17,-79 40,-297 5,-131
P 70985 14103,3851 214,-98
P 223456 14317,3753 130,296
P 51863 13993,3909 110,-58
P 51863 13887,3959 106,-50
P 70985 13993,3909 63,-270 24,-54
P 45712 14080,3585 53,-126
P 70985 14133,3459 72,40 112,254
P 45712 13787,3668 220,-75 73,-8
P 76638 13765,3917 22,-249
P 45712 13787,3668 2,-32 27,-45
P 45712 13816,3591 15,-15 22,-75 -3,-110
P 45712 13850,3391 73,96 22,0 27,-27 32,3 16,-17 52,-22
P 45712 14072,3424 61,35
P 267656 12914,3181 145,72 159,101 133,41 63,10 28,16 54,-11 28,23 217,42 57,56 18,60
P 78136 13281,3825 84,-130 233,141 87,24 -11,42 91,15
P 151171 12919,3061 213,-181
P 267656 13597,3205 191,80 2,59 60,47
P 208040 11972,462 200,138 119,103 47,28 26,3
P 151695 12000,136 72,35 56,0 153,-38 37,9 49,-3 77,45 56,45 31,110 -8,181
P 182075 12170,1114 -18,-37 38,-24 2,-11 36,-9 7,-60 23,-30 29,-21 -6,-53 -19,-5 28,-33 97,-51
P 136916 11777,632 393,482
P 296060 10168,889 -21,-78 45,-251 11,-166 14,-38 14,-211
P 285982 10230,146 1,-1
P 185023 9756,631 349,-377 125,-108
P 285982 10231,145 91,-80 78,-25 3,-108 393,-154 55,-46
P 129979 12579,2637 193,-134
P 129979 12158,2372 1,-69
P 56923 11909,-780 14,-114
P 56923 11577,-920 11,107
P 56923 11588,-813 321,33
P 43702 11880,-944 43,50
P 56923 11577,-920 -1,-7 304,-17
P 97300 11909,-780 175,7 72,-31
P 43702 11923,-894 195,-40
P 71270 12558,-787 32,-39
P 97300 12118,-934 229,-4 176,97 67,15
P 187871 13448,505 355,7 2,20 98,-3 27,5 2,17 75,-9 3,21 168,-6
P 220534 13448,505 9,204
P 265428 14172,799 6,-242
P 59323 13457,709 14,27
P 59323 13588,764 -3,-11 86,-6 76,37 27,84 22,20 35,63
P 265428 13831,951 12,-14 71,-18 124,-46 134,-74
P 187871 13447,318 167,-3 199,-20 374,77
P 203370 13447,318 19,-183 127,0 9,-41 115,5 5,-37 56,-5 0,29 205,-7 -2,32 220,-8
P 203370 14194,246 7,-143
P 203370 14187,372 7,-126
P 187871 13447,318 1,187
P 187871 14178,557 9,-185
P 183446 10510,-631 26,19 135,64 95,84 62,78 21,80 2,37
P 155272 10510,-631 -18,-14 2,-24 23,-24
P 183446 10517,-693 17,-12 51,5 281,-6 153,39 208,81 38,31
P 269795 11588,-813 120,218
P 43702 11936,-1054 26,-43
P 269795 10519,-729 13,-73
P 258867 10519,-729 87,-61 186,-75 207,-55 306,-35 78,-27 128,-21 292,-30 133,-21
P 258867 11547,-590 -50,-51 -57,-39 -16,-26 -40,-27 -164,-14 -127,0 -219,-74 294,-48 231,-20 178,-31
P 269795 10532,-802 91,-68 352,-118 188,-42 382,-55 363,-16 54,4
P 181117 12008,1364 0,-1
P 136916 11884,1245 81,9 114,-3
P 181117 11953,1555 6,-107 49,-84
P 215653 14289,2230 34,23
P 533274 14072,3424 47,-53 7,-36 20,-42 2,-50 -12,-43 16,-116 20,-11 2,-58 11,-36 9,-22 77,-92 16,-39 -2,-151 34,-48 -6,-15 -39,25 -8,-11 -2,-33 14,-20 2,-35 -1,-17 -15,-8 -2,-34 30,-49 -16,-43 36,-42 -8,-21 -30,-17 49,-54
P 49260 12753,-646 177,85 87,82
P 49260 12667,-591 51,31 90,103 79,39 97,0
P 49260 12984,-418 33,-61
P 88845 11994,-83 16,17 123,60 70,9 275,-3
P 50134 12270,-205 -2,33 20,66 248,-15
P 88845 12478,0 14,-54 44,-67
P 88845 12187,-232 83,27
P 151695 11948,57 37,-151
P 151695 12478,0 17,44 55,78 17,39 43,239 -8,125
P 50134 12536,-121 123,1
P 50134 12270,-205 173,-22 140,29 85,0 94,17
P 185023 10198,-248 35,278 -3,116
P 155272 10198,-248 52,-40 93,-95 34,-18 104,-30 20,-20 9,-180
P 155272 10123,-173 75,-75
P 143555 9751,552 15,-73 49,-112 27,-97 67,-81 50,-96 56,-67 65,-130 43,-69
P 143555 9817,87 90,-23 112,-110 104,-127
P 155272 9817,87 14,-52 62,-89 87,-94 218,-323 49,-31 205,-186 67,-41
P 155272 10517,-693 2,-36
P 143555 9372,573 179,-193 82,-65 94,-60 51,-70 39,-98
P 136916 12167,1224 12,-3 1,-45 15,-11 -25,-51
P 182075 12350,1249 91,-114 80,-155 39,-132 31,-210
P 182075 12008,1364 136,-21 142,-54 64,-40
P 43702 12011,-1179 48,121 52,75 7,49
P 43702 11880,-944 2,-21 54,-89
P 43702 11962,-1097 49,-82
P 71270 12590,-826 117,4 84,23 115,52 75,68 49,73 -3,109 -10,18
P 32977 11698,833 77,64 60,77 35,31 18,-3 89,23 -68,-120
P 94379 12717,-120 -43,45 -11,25 26,138 27,79 37,70 10,39 -23,153 3,62 15,58
P 254482 12189,1527 -27,-34 47,-82 65,-54 59,-70 17,-38
P 78922 12888,-108 -90,146 -14,44 24,54 91,113
P 78922 13015,-99 141,73
P 275357 12984,-418 162,-24 71,83
P 393577 12011,-1179 18,1 44,-46 63,-4 46,22 24,27 75,39 88,11 47,17 40,38 30,7 44,26 67,25 29,2 77,34 33,27 15,5 35,-4 247,70 49,2 115,66 24,42 72,80 87,76
P 101001 9299,513 73,60
P 322817 9702,-30 146,-246 31,-12 50,-96 270,-299 46,-28 195,-68 92,-23
P 101001 9412,1432 45,-28
P 220534 14132,41 71,20 -2,42
P 59323 13327,544 6,28 21,19 -3,21 53,41 6,16 47,40
P 207970 13267,-23 306,34 15,-6 427,-7 58,27 59,16
P 268950 14194,246 371,104 292,103
P 207970 14132,41 -59,-217 111,-61
P 396247 14184,-237 42,72 65,37 154,50 205,42 191,-5 107,-35
P 396247 14857,453 7,-25 7,-129 25,-110 10,-120 36,-143 6,-2
P 268950 14172,799 40,-22 46,-42 81,-32 75,-42 113,-15 23,-10 220,28 69,-150 18,-61
P 59323 13831,951 6,72
P 23291 14113,-300 249,-29
P 207970 13045,-97 70,8
P 207970 13581,-148 304,-72 104,-31 124,-49
P 207970 14184,-237 178,-92
P 23291 14397,-346 44,-52 44,-91
P 23291 14113,-300 150,-66 222,-123
P 23291 14362,-329 35,-17
P 43746 14485,-489 110,-100 142,-114
P 43746 14398,-346 105,-59 109,-75 -4,-48 21,-20 129,-45 44,-30 14,-68 -82,-7 3,-5
P 43746 14397,-346 1,0
P 301870 14737,-703 31,-51 59,-52 41,-13 226,-25
P 301870 15051,-1062 55,-9 -65,27 -1,28 -46,31 -5,17 -36,7 63,60 78,57
P 54493 14723,-994 106,-48 39,-1 2,12 44,14 59,-13 38,-12 13,-15 27,-5
P 116730 14697,-948 26,-46
P 215653 14309,1155 87,31 20,63 11,0 21,21 12,26 50,61 6,20 43,48 25,43 0,20 45,72 9,40 28,62 -43,74 -25,14 1,40 -12,4 12,36 -12,9 -1,79 18,28 0,49 22,10 2,24 -24,16 6,13 18,7 -9,27 -26,12 -22,-1 -33,42 -40,11 3,11 -23,-1 -30,44 -70,8 -34,32 -21,3
P 3479483 4256,-2091 -37,395 8,705 -8,277 23,3 228,-20 12,13 0,27 240,55 0,227 97,2 57,123 77,118
P 3479483 4277,-2317 19,-181 8,-169 405,39 -75,-287 -607,-39 -7,-109 -155,-27 -28,-242 -162,-11 -32,-290 25,-16 3,6 42,-8 17,33 154,-22 94,199 214,-55 78,148 190,-10 22,44 45,0 223,227 20,-24 559,502 283,301
P 2003519 4953,-166 168,140 48,-3 5,331 35,20 9,20 503,-265 9,17 224,-105 -70,-128 123,-67 -64,-100 117,-89 -102,-173 123,-95 -80,-135 56,-52 -49,-95 101,-83 -99,-145 105,-124 -303,-407 187,-154 -240,-298 -147,-152
P 2125731 3934,-534 3,22 34,74 77,130 57,27 82,122 139,172 126,115 158,102 179,160 44,48 94,157 106,225 112,172 17,-302 14,3 -7,133 60,5 -11,103 77,5 -5,56 286,49 27,-176 97,147
P 2125731 5647,1294 22,36 -62,25 -33,-61 86,-51 -52,-97 117,-72
P 2125731 5660,1288 96,-45 -47,-72 45,-27
P 897079 3288,412 -74,-28 -61,-70 3,-73 -164,-148 -81,-295 -1,-75 61,-316 105,-60 149,-140 151,-124
P 959505 3376,-917 64,-111 22,-175 9,-155 43,-127 -49,-111 71,-90 -8,-69 -83,-121 0,-100 33,-39 109,-85 22,63 25,41 105,117 16,31 8,74 175,79 74,49 41,50 43,94 -2,83 -15,56 2,303 -27,44 -9,-3 -36,48 -14,44 -16,57 22,77 -11,34 -10,104 -46,121
P 20102296 -1696,23 219,36 4,-13 175,22 8,-23 745,206 194,83 33,-1 204,95 56,43 88,87 52,-1 65,24 42,-13 68,16 40,-20 40,3 32,12 30,-7 48,13 18,29 20,-5 13,-26 33,-11 627,398
P 8211874 1158,970 92,-57 129,-43 167,-27 123,-11 103,16 145,43 54,5 156,43 156,48 182,91 65,0 97,-32 86,-75 124,-85 167,-150 118,-92 166,-232
P 230712 223,-4495 321,-148 173,-143 120,-235 258,241 -50,39 -102,146 71,24 -52,89 38,13 -111,180 -261,-76 -189,-75 -216,-55
P 38670599 -12,-5551 12,0 27,31 226,125 42,-15 35,26 32,-11 15,6 65,-50 40,23 70,-40 120,70 60,-30 30,15 45,-23 200,121 90,21 75,6 270,58 45,-15 40,9 110,-9 345,-55 245,-15 70,-21 210,-41 82,122 88,-14 -5,-25 105,-15 64,96 47,-9 32,80 87,-22 150,299 109,-19 71,140 5,-2 55,127 80,-14 70,147 100,-14 100,25 35,-3 55,32 5,25 65,-22 35,98 95,-22 5,-36 105,-7 35,123 50,-11 45,190 185,4 0,26 70,38 65,15 25,116 30,12 120,8 55,54 30,12 155,40 70,4 5,15 140,24 5,100 55,21 45,-25 6,42 11,1 5,39 48,3 10,70 65,-8 15,49 60,-4 10,62 85,0 5,17 50,-13 3,185 127,21 10,47 85,22 35,34 115,39 4,133 72,1 -1,14 64,-3 -3,32 61,3 -4,31 51,-1 -2,14 43,-2 -1,21 172,2 2,30 101,-1 1,24 76,1 2,40 27,0 1,30 53,-1 2,29 64,3 -2,14 22,-2 1,13 32,2 -1,20 32,1 3,11 47,3
P 2003519 4953,-166 202,-278 -123,-139 107,-136 -109,-127 227,-306 90,106 262,-319 -122,-153 85,-131 -117,-141 82,-82 -181,-177 256,-259
P 400380 -1029,3443 7,-93 -48,-84 -15,-135 -38,-123 164,29 108,37 127,69 206,73 99,12 208,4 97,14 231,90 342,162 146,58 0,7
P 53526 -187,3511 23,7 96,-8 21,6 17,15 118,15 23,-9 112,28 26,-6 49,11 46,-4 75,31 72,3 114,-37
P 106055 -1029,3443 367,-13 101,-26 47,11 74,-1 35,10 32,15 52,44 20,9 27,2 41,19 46,-2
P 8972 489,3669 0,-10 62,-29
P 7608 341,3700 98,-64
P 8972 439,3636 112,-6
P 19228 551,3630 169,33 59,24
P 4444 235,3695 79,-62
P 7608 314,3633 125,3
P 4444 222,3646 22,-24 70,11
P 262531 4007,932 9,-50 145,82 118,24 63,31 110,34 -64,42 -7,12
P 262531 4337,1201 5,-26 16,-22
P 897079 3608,-271 29,177 -38,136 35,176 33,345
P 959505 3608,-271 117,-36 61,-146 43,-51 52,-33 53,3
P 2125731 3667,563 113,-38 65,259 162,148
P 262531 3941,1889 13,-145 5,-168 16,-86 36,-82 17,-92 -23,-4 8,-46 -29,-22 5,-52 21,-51 15,-67 1,-50 -24,-62 5,-30
P 897079 3376,-917 15,56 154,136 -9,85 -15,54 2,48 12,66 43,76 30,125
P 897079 3288,412 292,110 87,41
P 8211874 980,3333 -28,-163 -5,-247 -11,-71 6,-289 43,-83 108,-158 64,-80 43,-75 60,-187 86,-113 21,-82 92,-139 16,-63 0,-94 -32,-99 -70,-132 -64,-154 -63,-78 -88,-56
P 53526 605,3563 22,4 22,16
P 106055 -1043,3569 14,-126
P 165381 649,3583 343,-163 -12,-87
P 165381 980,3333 264,126 41,45 21,46 5,53 -10,19
P 42896 -189,3534 23,3 37,32 80,20
P 53526 -189,3534 2,-23
P 53526 551,3630 98,-47
P 42896 -582,3595 41,-70 28,-23 18,8 26,-8 29,4 1,-10 33,5 33,33 72,18 15,0 15,-24 82,6
P 10360 9831,-1660 5,-43 191,24 -5,47 -191,-28
P 1048978 9623,-3232 -17,316 -28,271 367,36 -25,213 8,25 90,166 109,120 154,-134 6,8 375,-243 1,-33 19,-68 -17,-89 0,-39 -42,-112 -14,-74 -24,-66 -9,1 -8,-58 -21,-58 -3,-77 -19,-148 39,-66 -32,-23 -47,31 -21,-46 -88,6 -77,-136
P 1048978 9642,-3241 286,-32 189,-66 105,-127
P 30452778 6996,-2564 45,-42 26,15 32,-28 14,10 45,-36 14,7 121,-120 19,14 28,-22 14,9 86,-75 -21,-22 80,-73 -5,-6 61,-51 -18,-17 14,-11 -12,-12 73,-54 -20,-13 90,-60 -30,-21 130,-114 -10,-13 20,-46 -40,-25 125,-140 -5,-16 85,-94 -85,-52 -35,-8 30,-91 -155,-114 25,-24 -100,-100 25,-49 55,45 60,-19 65,-53 150,-97 90,75 285,-186 220,204 230,-138 55,52 0,-11 235,-118 40,-33 40,22 60,-40 135,-58 185,-92 5,-18 60,-25 -55,-49 40,-24 -14,-38 359,-139 58,71 312,-96 323,-87 14,26 399,-97 18,-2 16,8 35,-16 0,-13 90,-23 65,10 60,-23 35,0 50,52 115,-16 35,9 65,68 40,-6 55,-36 45,-13 15,-13 65,10 105,-23 50,0 65,127 65,-16 -15,-72 55,-16 55,-6 40,35 35,-10 75,82 35,-3 80,-30 0,-42 30,-16 35,-4 60,111 95,-16 -25,-111 415,-73 5,48 375,-26 10,26 460,-10 -5,-154 85,12 -20,-220 190,-29 90,-6 106,6 -25,-64 250,6 55,-9 45,-139 20,-2 35,-121 25,3 35,-66 85,18 85,-148 45,-100 285,57 300,-290
P 14962460 15663,-6276 420,123
P 1288442 16469,-4753 8,83 9,20
P 1925963 15519,-3811 12,7 -16,19 66,59 -25,24 6,5 -125,173 18,16 -89,139 158,105 -48,45 101,108 -40,40 36,52 -44,43 29,49 -13,30 54,82 -22,23 33,59 -14,15 18,49 -80,101 13,30 -29,70 8,34 -40,73 2,72 31,-35 21,81 -22,3 40,217 -22,-1 4,25 -35,4 8,66 -30,3 3,199 80,-21
P 1925963 15799,-4131 -10,-7 6,-7 -69,-51 63,-87 -19,-8 22,-30 -228,-126 31,-45 -16,-8 65,-98 54,29 42,-65 -37,-23 26,-42 -29,-18 119,-132 158,41 94,46 109,77 148,29 158,6
P 676888 14735,-1178 50,-77 46,-22 38,-13 18,-2 27,13 38,-20 19,5 66,-40 20,22 59,-39 19,21 40,-25 6,7 13,-10 14,16 79,-61 22,22 37,-28 -32,-41 76,-48 4,5 42,-25 6,5 41,-32 -7,-10 66,-80 -6,-4 78,-79
P 258418 14043,-4002 888,2 3,-156 -11,-105 -83,-157
P 258418 14302,-4228 104,-104
P 58888 14406,-4332 80,-320 97,-211 57,-55 36,65
P 127926 14676,-4853 69,-19 127,-8 40,-25 40,-45 34,-16 60,0 43,13 14,30 3,33 -15,31 -29,33 13,10 -235,398
P 32564 14920,-4477 10,27 -3,96 19,29 21,13 30,15 45,2 57,-26 31,-28 7,-39 -15,-39 10,-31 -10,-11 -74,-11 0,-19 -24,-10 -48,1 -51,18 -5,13
P 116730 14477,-1004 -4,-23 8,-30 -40,-45 0,-20 18,11 4,-6 -4,-21 -59,-92 -2,-63 21,-56 20,-22 45,-4 155,72 32,125 64,0
P 99544 15566,-1748 14,25 34,5
P 30452778 16083,-6153 0,41 -110,138 -62,22 -63,36 -79,79 -21,66 -4,45 29,37 15,82 10,7 75,161 13,43 118,142 103,103 86,65 71,37 70,90 49,41 30,40 56,125
P 14962460 -18000,-7303 183,-36 155,-137 245,-27 777,-53 146,0 -7,-1 -547,-846 606,-73 1496,-53 2659,120 873,184 282,-89 799,-55 416,-91 258,-28 598,-1 416,23 362,46 88,25 -4,20 -154,13 -700,-1 -214,35 153,49 -124,29 35,8 359,21 203,-6 199,5 -10,14 -171,27 51,20 323,38 359,61 68,26 282,39 42,26 -117,29 -146,14 -256,-2 16,-29 -62,-2 -92,45 -80,3 -82,32 -55,26 -12,15 113,7 121,-35 152,-18 169,-5 79,9 51,21 -106,31 -185,16 -123,21 83,2 -98,22 33,9 131,-20 453,-34 117,-2 86,25 -37,19 -251,29 -145,27 -68,34 -81,56 -644,82 356,267 -124,309 71,25 341,36 448,202 401,148 308,168 422,108
P 14962460 -18000,-6603 180,-51
P 14962460 15663,-6276 196,-200 90,-62 -11,-2 223,-179 218,-67 385,-197 195,-33 92,-28 -3,67 -32,82 183,-19 29,-48 83,-92 48,-83 7,-37 32,-27 128,-2 27,-44 63,-30 36,-28 46,-8 72,-2 37,25 192,-13
P 14962460 16085,-6152 58,-61 187,-65 82,16 151,-48 70,11 94,-32 396,-93 584,-99 293,-80
P 61438 -5207,-6075 195,-149 195,-116
P 49092 -5511,-6139 24,-14 54,2 121,47 105,29
P 39788076 -18000,-6575 180,-79
P 39788076 16085,-6152 81,-49 103,22 118,-61 96,34 107,-72 174,44 140,-83 104,32 151,-93 185,37 160,-93 50,14 63,-36 47,14 43,-43 66,19 227,-109
P 165191 -6311,-6281 335,99 203,70 135,-5 72,-20 55,-2
P 1677797 -13101,-6714 100,-48 -44,-12 179,-101 110,-84 191,-226 756,46 867,41 1778,48 185,18 9,389 43,32 390,203 -516,144 -871,209 -184,-132 -758,216 -410,-321 172,-53 -187,-95 -303,99 -53,-21 -274,83 -1180,-435
P 364246 -6710,-5706 175,-72
P 14962460 -17820,-6654 373,114 95,39 30,-6 95,28 -10,12 115,35 115,-26 239,105 41,-13 209,99 71,-11 20,16 75,-10 95,49 280,-58 55,26 205,-48 65,36 60,46 35,0 35,24 50,-17 140,100 105,96 95,67 115,-12 75,46 70,67 10,55 25,24 35,21 110,-16 55,43 25,44 115,103 520,-136 270,299 205,-38 35,50 675,-127 43,50 592,-112 70,154 20,20 215,-40 60,99 55,-14 30,53 -140,24 15,46 120,208 40,107 285,-49 50,114 -5,40 75,249 50,109 50,140 40,155 5,49 -35,11 40,238 60,193 -27,177
P 14962460 16083,-6153 2,1
P 165191 -6535,-5778 -67,-77 60,-34 -58,-35 117,-61 -216,-127 388,-169
P 14962460 -11084,-3507 35,4 87,51 35,0 10,-13 1210,-163 5,-80 170,0 5,-20 120,0 0,-39 15,-36 5,-39 130,4 5,-59 95,4 5,-93 -10,-7 0,-27 -35,-8 15,-76 55,-11 0,-19 345,4 10,-19 205,19 5,-23 90,4 5,-11 40,4 5,-23 25,4 5,-19 30,-18 20,-92 65,7 55,-159 30,-39 350,57 60,-138 85,14 30,-31 102,19
P 391169 -9601,-5737 261,-119 1037,-206 137,-61 120,-23 229,212 -558,184 -92,39 44,67 -652,190 24,36 -150,52 -400,-371
P 451345 16769,-4447 286,125
P 451345 17640,-3618 39,-44 81,-35
P 451345 16769,-4447 48,59
P 451345 17248,-3353 -19,-3 -27,-27 -14,-38 5,-88 23,-33 32,-116 0,-92
P 451345 17248,-3353 64,-3 92,-39 128,-38 23,-19 28,-49 23,-79 34,-38
P 312795 16817,-4388 238,127 60,57 61,96 33,104 39,254
P 451345 17055,-4322 156,85 248,38 92,3 160,45 51,24 78,59 91,231 -4,36 -28,36 -96,55 -43,13
P 49092 -5207,-6075 95,18 23,48 188,9
P 1288442 16486,-4650 44,40 15,5 75,78 78,49 71,31
P 1288442 -18000,-4931 86,99 5,52 -24,29
P 1288442 16469,-4753 -61,-669 60,-51 73,-26 9,-35 46,-20 126,13 159,31 90,29 149,77 162,43 104,45 23,77 105,85 17,58 38,51 37,19 187,23 207,72
P 1288442 18000,-4690 -116,-6 -49,-13 -196,-9 -50,19 -4,40 12,27 5,51 74,69 44,1 28,-10 24,-28 36,8 47,42 27,5 35,28 22,3 61,-24
P 1288442 -18000,-4690 67,-61
P 1288442 -18000,-4487 44,-12 96,2 12,9 199,11 91,19 152,51 105,56 73,51 -6,36 -36,6 -56,-8 -31,-15 -207,10 -120,-4 -94,28 -72,5 -75,-16 -75,-2
P 1288442 17055,-4322 174,60 105,27 207,-7 110,-14 334,-9 15,5
P 185652 -2974,-5487 3,-33 -10,-13 4,-27 -5,-8 -50,-7 -6,-69 -34,-1 -2,-41 27,1 9,-24 25,-1 6,-50 22,0 1,-66 -17,-1 6,-54 39,-1 1,-69 -56,0 8,-43 15,-23 39,-34
P 49092 -5618,-6084 607,196 142,4
P 47437 -4869,-5884 155,4
P 47437 -4341,-6034 103,132
P 364246 -6180,-5878 117,92 89,-31 61,53 40,-12 90,80 48,-15 89,85 277,-58 38,63 473,-79 70,145 101,-12 172,282
P 246279 -4714,-5880 421,114 158,450
P 246279 -4238,-5902 678,289 373,132
P 165191 -6180,-5878 278,-96 284,-110
P 47437 -4901,-6000 32,116
P 49092 -5618,-6084 107,-55
P 47437 -4714,-5880 342,-6 134,-16
P 165191 -6535,-5778 43,-18 312,-82
P 272801 -17641,-1668 69,79 25,-13 96,157
P 272801 -17619,-1944 -22,-107 13,-3 -23,-76 5,-1 -5,-16 6,-4 -34,-114 -40,4 -71,-233 191,-65
P 43106 -17641,-1668 59,-7 118,-79 -23,-37 -20,-70 -23,-17 -7,-112 -82,46
P 272801 -17470,-2217 69,108 52,215 4,40 33,17 23,37 3,56 20,24 0,30 -20,74 15,24 -23,77 -36,40 -28,0 -58,31 -35,-1
P 272801 -17599,-2559 20,94 54,143 55,105
P 436668 -17919,-1507 19,-29 89,-85 -15,-23 -27,-10 -63,77
P 87072 -17969,-1712 53,42 10,28 -10,65
P 234684 -17975,-1386 54,-99 2,-22
P 545261 17640,-3618 -2,5 65,68 42,56 12,56 37,29
P 349127 -17969,-1712 29,-25 -12,-34 10,-3
P 334921 -18000,-2185 31,39 -9,30 35,106 0,56 21,50 15,65 -24,-3 12,62 -23,6
P 334921 17891,-3201 34,53 -15,28 18,25 24,77 -124,14 90,120 -18,178 -4,158 24,237 41,91 19,28 20,7
P 26570 17794,-3404 33,85 64,118
P 43106 -17641,-1668 -25,2 46,-139 -22,-54 -2,-44 6,-26 19,-15
P 859566 -17975,-1386 10,30 106,10 154,-34 166,-75 23,11 65,-1
P 859566 -18000,-3456 87,67 26,70 33,39 77,259 46,42 67,126 60,215 5,79
P 859566 17760,-3697 34,39 62,50 69,81 57,34 18,37
P 87072 -18000,-1563 84,-14
P 87072 17723,-1834 -34,38 -11,30 5,51 -16,7 22,22 48,5 7,11 137,51 1,11 23,10 4,11 91,24
P 234684 -18000,-1539 81,32
P 234684 17361,-1267 258,-390 38,-22 270,123 35,1 38,16
P 418238 16905,-1152 27,84
P 349127 17278,-2227 144,107 301,286
P 436668 16905,-1152 58,-60 326,-595 -11,-420
P 436668 16932,-1068 362,-219 67,20
P 87072 -18000,-1725 31,13
P 87072 17723,-1834 24,-25 4,-28 14,-10 8,13 10,-8 46,42 67,24 32,-10 22,41 -6,23 -57,40 53,-14 3,20 24,5 3,-11 30,7
P 234684 17361,-1267 -6,9 64,43 32,5
P 234684 17576,-1193 13,2
P 234684 -18000,-1380 25,-6
P 234684 17451,-1210 125,17
P 234684 17589,-1191 13,2 398,-191
P 418238 16242,-764 99,-157 132,-176
P 94972 16829,-1898 5,-32 59,-60 16,-61 14,2 42,-44 8,-19 36,-5
P 418238 16649,-1536 22,-74 30,2 25,-36 17,-44 28,4 26,-58 -15,-35 12,-30 19,-18 16,-73
P 418238 16905,-1152 -3,-8 -108,-69 -22,17 -27,-118 13,12 21,-16 22,-35 -1,-45 14,-25 -7,-21 26,-41 7,-40 3,-90 41,-63 96,-105 4,-22 24,-12 -24,-40 75,-93 -22,-30 -45,101 -25,21 -10,-12 48,-112 -12,-82 49,9 -3,-50 -30,4
P 68039 16595,-1265 22,-100 33,-62 -10,-43 9,-66
P 354818 16473,-1097 24,-11 50,-48 32,-48 16,-61
P 418238 16242,-764 209,22 115,-10
P 418238 16566,-752 92,-7 86,-31 100,-120 23,-60 76,-66 -11,-32
P 377087 15094,-844 56,51 109,65 210,-32 53,-1
P 377087 14398,-346 277,10 109,47 148,-62 124,45 182,-119 42,-85 41,-28 43,-87 53,-43 53,-61 52,-32
P 427303 16692,-2743 28,-36 -3,-106 46,-24 -11,-74 -26,-69 40,-75 -16,-14 -97,29 -7,-39 -39,-22 7,-45 -14,-14 46,-67 28,-72 43,-65 70,-58 73,-13 58,-28 11,-37 145,-23 20,-13 10,-31 -7,203 11,97
P 545261 17108,-3339 125,-6 15,-8
P 129270 15599,-2131 -32,-26 -6,-58 52,-106 29,-100 64,-122 5,-33
P 312795 16817,-4388 -48,27 -68,70 -28,98 -37,38 -18,35 5,42 36,130 -9,75 -18,32 -18,7 56,239 101,-56 192,-66 106,-55 142,4 37,18
P 1015484 15895,-3388 505,401 288,249 4,-5
P 53332 15711,-2576 -37,-71 -13,-127 9,-32 63,-59
P 28411 15683,-3111 -4,16 14,83 50,120 -10,27
P 21206 15683,-3111 20,-158 15,-33
P 17845 15718,-3302 57,-46 30,-11 40,-2 50,-27
P 99544 15566,-1748 -10,-52 11,-90 33,-52 6,-139 -7,-50
P 427303 17105,-2645 1,-10 82,-32 -42,-78 18,-39 -18,-138 7,-63 -36,-118 12,-71 -21,-145
P 134627 16926,-2548 179,-97
P 175379 16694,-2737 94,13 15,51 -13,77 38,72 31,14 67,-38
P 427303 16692,-2743 2,6
P 349127 17037,-2455 471,-34 75,2
P 334921 17583,-2487 -11,-36 -15,-151 89,-228 137,-284
P 134627 17037,-2455 2,-22 67,-141 -1,-27
P 26570 17783,-3186 -47,-56 -73,-115 131,-47
P 660740 15522,-761 96,-34 138,-97 113,-58 60,-51
P 188745 15887,-1225 11,16 -12,51 -86,35 3,70 -11,34 137,18
P 54493 14749,-1173 104,-17 81,6 74,24 26,-10 17,108
P 116730 14735,-1178 14,5
P 110807 15614,-1718 -29,55 15,105 24,32 85,76 -10,13 132,88 -11,23 41,31 -12,22 30,22 8,26
P 334921 -18000,-1868 58,94
P 334921 17583,-2487 43,-10 18,65 114,154 65,102 -9,9 16,32 170,266
P 134627 17021,-2419 15,-20 1,-16
P 94972 17021,-2419 232,174
P 349127 17253,-2245 25,18
P 26570 17783,-3186 59,1 49,-16
P 134627 16331,-1725 150,-250 140,-125 192,-121 23,-118 23,-27 5,-38 20,-25 0,-25 38,-66 4,-28
P 94972 16676,-2019 57,-14 0,-22 127,-75 84,-127 18,-79 59,-83
P 134627 16411,-1727 42,-74 23,-17 50,-64 38,-25 21,-44 61,-28 30,-40
P 134627 16331,-1725 61,31 19,-33
P 175379 16259,-1787 38,16 12,32 22,14
P 175379 16259,-1787 7,-55 16,-51 104,-163 55,-64 185,-129 15,-59 70,-104 -5,-24 14,-26 -10,-112 -15,9 6,-139 -7,-33
P 188745 15929,-1001 28,-17 77,-22 87,-72 50,-24 93,1 196,40
P 354818 16460,-1095 13,-2
P 660740 14948,-76 6,-32 54,-44 86,-17 124,-71 4,-38 40,5 15,24 39,-20 -20,-22 89,-73 59,-28 54,-122 62,-69 138,-61 85,-51 33,17 21,-12 46,14 150,-104 20,19 77,-19 112,16
P 58888 14406,-4332 57,-39 77,-83 27,-12
P 127926 14567,-4466 39,-12 163,-10 45,22 26,48
P 58888 14567,-4466 67,-105 32,-113 10,-169
P 94972 16676,-2019 153,121
P 94972 17009,-2117 35,-55 66,-48 106,-25 37,0
P 68039 16487,-1566 36,17 126,13
P 354818 16411,-1727 0,127 76,34
P 68039 16487,-1566 -180,188 53,16 45,4 127,47 63,46
P 188745 15766,-1878 93,120 42,103 184,285 23,-13 70,91 24,-16 168,170 27,-20 63,63
P 110807 15838,-1653 8,28 41,52 23,134 42,125 -19,77 -32,19 -14,-7
P 99544 15766,-1878 -25,47 1,37 87,98 10,21 -1,22
P 354818 15858,-2030 46,19 44,41 4,47 45,49 62,24 106,15 94,48
P 99544 15766,-1878 70,-82 22,-70
P 129270 15809,-2054 25,-9 16,-16 2,-34 -20,-95 0,-41 7,-16 34,-3 17,-9 13,-19 -5,-75 21,-45 -8,-23 -44,-31 -34,-48
P 53332 15711,-2576 27,6 95,52
P 99544 15599,-2131 97,13 74,50 39,14
P 53332 15833,-2518 4,-38 -22,-29 -6,-31 33,-94 5,-40 11,-14 -3,-37 11,-19 -8,-33
P 28411 15789,-3051 48,32 -6,20 16,33 -5,57 16,56
P 21206 15789,-3051 -8,-16 24,-64 -18,-41 5,-29 21,7 16,-14 -21,-17
P 17845 15808,-3225 13,-32 21,-2 21,-25 58,-11 -5,-66 -21,-27
P 99544 15809,-2054 49,24
P 54493 14723,-994 30,-164 1,-16 -5,1
P 28411 15733,-2865 125,12
P 21206 15683,-3111 106,60
P 17845 15718,-3302 90,77
P 99544 15614,-1718 57,-1 68,13 99,53
P 262738 -13064,5150 -46,-31 99,-84 -12,-18 0,-20 -28,-45 -4,-22 171,-57 -26,-55 18,11 -1,-8 -31,-61 29,22 -3,-43 -60,-108 -25,-27 -49,-159 165,-60 1,-18 165,-49 0,-8 44,-15 -33,-56 -8,0 -24,-77 -12,-1 -4,-16 -10,-64 27,-46 110,6 139,-10
P 2962555 -10521,1877 -32,-176 16,2 5,-192 63,16 25,-120 51,-148 16,-70 -11,-2 28,-175 -70,-10 7,-168 127,6 30,-122 48,-340 -8,-3 7,-86 -10,-78
P 15129057 -11084,-3507 -141,44 -38,42 -5,46 6,25 8,-22 12,125 17,39 4,-38 12,32 7,65 12,6 8,38 13,159 -16,69 -71,-65 -5,9 -23,191 -10,-15 -1,80 9,31 -48,-19 -129,2 -48,24 -79,85 -23,41 -22,78 102,39 -10,31 47,20 -10,32 50,3 -5,45 13,42 8,9 0,-21 3,11 -3,48 9,10 6,-18 14,92 13,29 6,-7 15,36 10,64 18,46 -13,-10 26,59 -15,-16 1,11 21,33 2,8 -12,-11 12,53 -9,-8 1,17 16,33 -11,-1 17,46 -10,0 18,42 -14,-3 19,26 2,12 -11,-8 0,13 17,45 2,16 -10,-20 10,64 16,58 5,4 0,-26 12,26 2,54 10,19 6,55 113,-23 16,29 9,-14 9,11 4,56 -19,-18 -2,12 13,67 30,77 3,-29 17,81 9,23 -11,-40 17,28 9,53 23,57 1,-23 11,20 14,71 141,-22 12,64 18,39 22,87 9,13 -3,-29 14,18 0,42 10,40 5,7 50,-11 11,49 9,-14 5,54 4,6 3,-23 39,127 70,-10 20,51 67,-10 12,31 178,-20 6,7 16,63 -4,42 -8,-19 -4,17 6,76 13,43 8,-17 13,25 -11,15 1,23 -9,-10 -2,7 0,38 35,109 -1,14 -12,-18 3,35 -12,107 10,60
P 11061 16876,5328 77,-86 139,-84 72,52
P 431079 -10837,2364 -72,-120 -73,-151 -27,-109 -35,3 1,-21 -64,-139 17,-52 -20,-19 13,-33 -57,-68 20,-75 57,-4 -3,-81 80,-8 54,-280 6,-66 114,15 61,176 19,457 23,196 155,1
P 837641 -18000,-356 168,-3
P 837641 16566,-752 599,201 56,-172 614,220 -48,142 37,10 176,-5
P 6398008 -17832,-359 872,-22 309,69 506,11 375,-11 299,40 275,7
P 5614479 -17933,-4751 1108,327 62,-74 204,96 -79,101 272,143 25,-28 513,259 67,-86 891,505 -338,1035 134,30 -204,978 470,97 -135,808 -115,-17 -62,310 -76,2
P 2962555 -10229,211 244,-4 -1,14 94,-10 3,10 134,-12 -4,-19 142,-13 5,47 89,-2 3,29 295,-28 16,-3 -3,-21 58,2 -2,-19 86,-8 526,-39 9,29 77,-4 2,93 9,58 157,2 9,106 4,287 14,1 1,90
P 37352 -9852,1567 43,-127 18,-189 30,37 -33,23 221,214
P 850647 -10441,-954 207,446 75,13 79,-10 15,96 112,-6 1,11 21,-6 44,-82 7,-102 68,81 10,-51 -30,-71 -7,-142 47,-14 71,-3 44,-14 -10,-44 48,-3 121,-54 55,-57 23,-44 -50,-97 -57,-134 0,-20 -51,14 -34,-73 31,-17 -27,-40 13,-6 -64,-56 -61,23 -10,-23 20,-20 -30,-40 -54,-26 -78,13 -13,-42 13,-10 -17,-13 -47,13 -7,-23 -44,13 -13,-36 -65,4 -20,-36 -296,-2
P 411421 -10441,-954 -180,-2 -105,-458 -86,10 -68,-197 -11,-78 134,5 37,-13 149,0 37,13 10,19 20,7 103,4
P 411421 -10441,-954 342,-416 -208,-210 -94,-64
P 837641 -18000,-844 32,-2 8,189 130,-1 -2,299
P 837641 17451,-1210 11,41 114,-24
P 837641 17589,-1191 42,187 119,-16 22,101 136,-11 8,92 84,-6
P 5614479 -17470,-2217 33,-3 -21,-377 756,-25 518,27 23,-311 530,39 6,-66 175,25 -165,1022 156,17 -63,539 131,10 -39,379 92,9 -5,207 126,4 21,456
