# source: Natural Earth 1:10m Cultural Vectors, Time Zones (ne_10m_time_zones.geojson; content of 2012, from the CIA World Factbook time zone map)
# url: https://raw.githubusercontent.com/nvkelso/natural-earth-vector/ca96624a56bd078437bca8184e78163e5039ad19/geojson/ne_10m_time_zones.geojson
# retrieved: 2026-09-15
# license: public domain (https://www.naturalearthdata.com/about/terms-of-use/)
# source-sha256: aa52ab97e5f906693f31fe2e625c9d6be78a4e74fcd4142a7261235b355cacfe
# generator: tools/geodata/natural_earth_time_zones.py
# format: Z = boundary between UTC-offset bands; lon,lat pairs in hundredths of a degree; Douglas-Peucker tolerance 0.05 degree
# offset-check: tz database 2026c at 2026-01-15: catalog cities of these IANA zones (at least 3 per band) keep another standard offset than their 2012 band: Africa/Casablanca, Africa/Khartoum, Africa/Windhoek, America/Asuncion, America/Cancun, America/Caracas, America/Chihuahua, America/Godthab, Asia/Almaty, Asia/Amman, Asia/Aqtobe, Asia/Damascus, Asia/Irkutsk, Asia/Jakarta, Asia/Kashgar, Asia/Krasnoyarsk, Asia/Magadan, Asia/Omsk, Asia/Qyzylorda, Asia/Ulaanbaatar, Asia/Urumqi, Asia/Vladivostok, Asia/Yakutsk, Asia/Yekaterinburg, Europe/Dublin, Europe/Istanbul, Europe/Kaliningrad, Europe/Moscow, Europe/Simferopol, Europe/Volgograd
# body-sha256: 140718fb8089e64c9f5b157ba655b2135c4e6339014895b331f274d35b5a408e
Z -18000,-5099 -17297,-4538
Z -18000,4800 -15751,4800 -15751,3000 -17635,3000 -17635,2759 -17805,2759 -17805,3000 -18000,3000
Z -18000,7500 -17610,7276 -17251,7050
Z -18000,-251 -17854,-251
Z -17969,5969 -17937,5988
Z -17881,6021 -17738,6104
Z -17805,-251 -17248,-251
Z -17805,-767 -17441,-1247 -17442,-1500
Z -17750,-4500 -17500,-4500 -17500,-4300 -17750,-4300
Z -17701,-1500 -17701,-2002 -18000,-2600 -17250,-2600
Z -17597,6185 -17443,6270
Z -17401,6229 -17401,6000 -16933,5400 -16936,5257 -15949,5455 -15548,5558 -14619,5922 -14254,5987 -14253,5005
Z -17261,6368 -17183,6408
Z -17254,-5000 -17254,-9000
Z -17251,7490 -17251,9000
Z -17251,7049 -17171,6996
Z -17250,-100 -17248,1502
Z -17250,-4500 -17250,-3422
Z -17250,-3329 -17250,-3229
Z -17250,-3094 -17250,-2882
Z -17250,-2800 -17250,-2600
Z -17250,-2600 -17250,-2244
Z -17250,-2031 -17250,-1500 -17124,-1443 -17100,-1397 -17120,-1203
Z -17248,2500 -17248,1755
Z -17248,1500 -15752,1500 -15752,550
Z -17129,-1106 -17126,-1139
Z -17106,6448 -16900,6550 -16900,6800 -16659,6904 -16450,6913 -16407,6925 -16378,6944 -16375,6968 -16359,6990 -16276,7038 -16204,7055 -16129,7052 -15967,7104 -15817,7105 -15753,7133
Z -17089,6938 -16970,6852
Z -17073,-884 -16940,-584
Z -16800,-800 -16800,-584
Z -16800,-1068 -16800,-1300
Z -16700,-2200 -16300,-2200 -16300,-2500 -15751,-2500 -15751,-8618
Z -16064,406 -16064,494
Z -15901,-584 -15848,-584 -15849,-251
Z -15753,7133 -15686,7157 -15631,7161 -15568,7141 -15444,7126 -15402,7110 -15318,7113 -15202,7104 -15167,7092 -15160,7077 -15120,7067 -14912,7076 -14718,7039 -14575,7038 -14481,7021 -14354,7033 -14244,7023 -14253,9000
Z -15753,7490 -15753,9000
Z -15608,-584 -15457,-1165
Z -15601,494 -15553,494 -15013,-955 -15000,-1000 -15000,-1100
Z -15050,-1165 -15000,-1165
Z -14253,-700 -14253,-600
Z -14253,-600 -14253,4998
Z -14253,-600 -14253,-700
Z -14253,-600 -13700,-600 -13700,-999
Z -14253,-9000 -14253,-2900 -14000,-2900 -14000,-2700 -13300,-2700 -13300,-2600
Z -14253,-1300 -14250,-1300
Z -13700,-1300 -13300,-2200
Z -13651,6929 -13658,6913 -13665,6912 -13771,6930 -13841,6973 -13887,6985 -14043,6981 -14099,6988 -14099,6030 -14053,6022 -14042,6029 -14002,6019 -13968,6033 -13908,6034 -13918,6007 -13870,5990 -13860,5975 -13761,5924 -13749,5890 -13684,5915 -13657,5917 -13647,5929 -13647,5946 -13624,5953 -13635,5959 -13547,5979 -13502,5956 -13510,5942 -13496,5928 -13469,5924 -13422,5884 -13383,5872 -13339,5840 -13342,5833 -13223,5720 -13234,5708 -13203,5703 -13211,5686 -13187,5679 -13183,5659 -13156,5659 -13076,5635 -13047,5622 -13040,5612 -13007,5608 -13002,5592 -13014,5572 -12998,5527 -13032,5494 -13064,5476 -13064,5466 -13108,5477 -13156,5450 -13205,5436 -13302,5446 -13327,5442 -13342,5427 -13349,5388 -13345,5373 -13279,5292 -13243,5264 -13124,5178 -13089,5175 -13074,5186 -13062,5214 -13072,5233 -13111,5264 -13113,5279 -13127,5291 -13127,5312 -13156,5341 -13158,5358 -13131,5410 -13115,5415 -13105,5401 -13106,5382 -13087,5366 -13082,5344 -12986,5281 -12964,5274 -12923,5231 -12859,5199 -12844,5149 -12814,5124 -12812,5114 -12870,5088 -12870,5062 -12849,5041 -12751,4981 -12751,-2200 -13300,-2200
Z -13651,6929 -13614,6950 -13619,6960 -13614,6969 -13581,6983 -13504,6983 -13433,6994 -13341,6979 -13214,7000 -13084,7036 -12978,7048 -12932,7044 -12884,7025 -12875,7029 -12897,7053 -12876,7078 -12821,7087 -12772,7080
Z -13651,6929 -13646,6899
Z -13644,6891 -13644,6773 -13616,6750 -13620,6741 -13610,6730 -13624,6718 -13617,6701 -13383,6700 -13409,6696 -13377,6681 -13383,6673 -13359,6657 -13369,6652 -13363,6645 -13376,6644 -13382,6631 -13356,6626 -13357,6615 -13370,6607 -13361,6605 -13361,6596 -13296,6603 -13291,6600 -13299,6592 -13290,6591 -13258,6603 -13233,6597 -13257,6584 -13217,6559 -13255,6528 -13278,6523 -13233,6503 -13251,6496 -13248,6488 -13262,6482 -13205,6470 -13168,6452 -13182,6438 -13160,6437 -13138,6447 -13115,6442 -13100,6433 -13106,6428 -13087,6419 -13094,6413 -13086,6404 -13011,6380 -13032,6370 -13009,6370 -12982,6348 -13015,6327 -12991,6320 -12984,6309 -12961,6307 -12977,6287 -12952,6267 -12955,6257 -12917,6248 -12930,6242 -12922,6238 -12931,6232 -12920,6221 -12929,6215 -12878,6206 -12855,6212 -12781,6161 -12715,6147 -12701,6119 -12710,6107 -12694,6106 -12685,6076 -12629,6078 -12614,6087 -12601,6080 -12590,6089 -12536,6078 -12489,6086 -12481,6097 -12460,6096 -12448,6079 -12462,6068 -12442,6048 -12422,6046 -12420,6033 -12398,6010 -12403,6002 -12000,6000 -12000,5726 -12016,5721 -12033,5725 -12038,5742 -12050,5747 -12095,5743 -12105,5731 -12131,5725 -12171,5730 -12184,5712 -12201,5706 -12236,5718 -12258,5709 -12300,5718 -12333,5714 -12376,5697 -12379,5678 -12358,5651 -12347,5598 -12328,5573 -12299,5561 -12295,5544 -12275,5538 -12259,5543 -12186,5490 -12158,5484 -12142,5456 -12083,5448 -12054,5416 -12020,5412 -12005,5381 -11974,5364 -11993,5361 -11974,5340 -11939,5336 -11926,5320 -11903,5313 -11896,5323 -11876,5312 -11878,5305 -11867,5303 -11862,5289 -11842,5284 -11831,5268 -11835,5262 -11821,5248 -11826,5245 -11821,5237 -11853,5232 -11866,5218 -11861,5210 -11819,5195 -11817,5182 -11796,5173 -11797,5154 -11767,5142 -11750,5149 -11740,5145 -11710,5098 -11661,5067 -11666,5047 -11647,5019 -11649,5006 -11667,4985 -11686,4983 -11691,4967 -11667,4929 -11695,4921 -11700,4909 -11684,4900 -11605,4899 -11605,4800 -11572,4770 -11568,4760 -11573,4756 -11564,4748 -11572,4744 -11533,4726 -11476,4672 -11433,4666 -11443,4619 -11450,4616 -11439,4588 -11455,4578 -11453,4559 -11474,4545 -11519,4561 -11550,4541 -11580,4549 -11629,4547 -11630,4591 -11663,4607 -11679,4587 -11654,4576 -11645,4560 -11686,4487 -11720,4448 -11720,4432 -11749,4430 -11749,4439 -11759,4444 -11797,4444 -11823,4426 -11822,4252 -11702,4252 -11702,4200 -11404,4200 -11404,3621 -11416,3603 -11455,3616 -11471,3611 -11474,3601 -11457,3521 -11464,3512 -11462,3488 -11437,3447 -11412,3429 -11452,3396 -11453,3357 -11473,3341 -11470,3309 -11450,3302 -11446,3285 -11454,3274 -11472,3272 -11481,3251 -11493,3248 -11504,3228 -11493,3191 -11471,3153 -11217,2800 -11422,2800 -11512,2856 -11690,2856 -11690,2405 -11250,2405 -11250,1150 -10700,1150 -10700,850 -11250,850 -11250,-9000
Z -13300,-2600 -13300,-2200
Z -13300,-2600 -12751,-2600 -12751,-9000
Z -12752,7073 -12752,9000
Z -12751,7073 -12662,7037 -12620,7005 -12614,6987 -12597,6978 -12589,6981 -12571,7021 -12544,7034 -12491,7038 -12402,7032 -12373,7099 -12421,7136 -12452,7154 -12543,7173 -12643,7182 -12667,7198 -12632,7232 -12581,7263 -12572,7273 -12582,7284 -12580,7293 -12478,7372 -12553,7429 -12546,7443 -12496,7455 -12157,7476 -12139,7553 -12317,7578 -12376,7597 -12389,7612 -12340,7644 -12287,7658 -12224,7664 -12190,7682 -12134,7690 -12013,7738 -11962,7751 -11790,7760 -11685,7776 -11555,7769 -11607,7790 -11611,7797 -11600,7806 -11449,7831 -11387,7857 -11250,7875 -11250,9000
Z -10100,-2900 -11100,-2900 -11100,-2500 -9959,-2500
Z -9755,-9000 -9753,-2900
Z -9752,-2500 -9752,1574 -9787,1579 -9812,1596 -9863,1613 -9884,1633 -9976,1652 -10014,1675 -10114,1709 -10174,1750 -10198,1775 -10278,1787 -10358,1816 -10409,1871 -10511,1917 -10571,1993 -10590,2037 -10580,2066 -10527,2070 -10509,2092 -10478,2102 -10429,2071 -10422,2117 -10404,2122 -10394,2138 -10421,2152 -10410,2178 -10440,2209 -10433,2247 -10453,2243 -10477,2268 -10500,2254 -10499,2269 -10489,2279 -10495,2292 -10518,2303 -10539,2303 -10539,2315 -10552,2315 -10568,2328 -10573,2349 -10590,2371 -10586,2406 -10595,2407 -10620,2439 -10640,2429 -10656,2434 -10676,2470 -10704,2492 -10713,2519 -10708,2547 -10697,2561 -10674,2562 -10654,2579 -10651,2602 -10638,2613 -10643,2636 -10620,2645 -10616,2674 -10603,2684 -10533,2646 -10512,2655 -10503,2646 -10483,2649 -10456,2634 -10415,2677 -10363,2664 -10396,2792 -10331,2902 -10406,2934 -10444,2959 -10468,2994 -10468,3019 -10498,3062 -10492,3066 -10492,3200 -10307,3200 -10300,3700 -10204,3700 -10204,3774 -10153,3774 -10157,3870 -10148,3870 -10148,3913 -10139,3914 -10139,3957 -10205,3957 -10205,4000 -10132,4000 -10135,4070 -10125,4070 -10125,4100 -10127,4139 -10141,4140 -10141,4174 -10084,4174 -10084,4300 -10123,4300 -10123,4379 -10106,4384 -10105,4417 -10052,4417 -10036,4435 -10041,4446 -10054,4444 -10053,4455 -10064,4458 -10062,4472 -10072,4481 -10055,4476 -10042,4484 -10042,4499 -10026,4525 -10027,4538 -10034,4547 -10048,4547 -10048,4555 -10031,4571 -10039,4594 -10139,4594 -10147,4606 -10121,4616 -10092,4641 -10059,4643 -10057,4663 -10078,4669 -10094,4698 -10088,4704 -10109,4730 -10134,4729 -10137,4752 -10144,4756 -10182,4749 -10228,4762 -10251,4753 -10302,4769 -10308,4760 -10338,4762 -10349,4753 -10370,4761 -10384,4785 -10405,4797 -10405,4899 -11000,4899 -11000,5271 -10940,5272 -10926,5292 -10893,5285 -10885,5307 -10913,5333 -10951,5343 -10969,5361 -10984,5355 -11000,5361 -11000,6000 -10200,6000 -10200,6692 -8898,6690 -8901,6948 -8958,6945 -8980,6960 -9079,6983 -9082,6994 -9098,7004 -9090,7021 -9113,7043 -9152,7056 -9171,7074 -9223,7092 -9221,7116 -9237,7143 -9302,7171 -9311,7185 -9336,7196 -9328,7215 -10200,7337 -10200,7936 -10128,7928 -10128,7984 -10139,8002 -10107,8021 -9985,8036 -9864,8032 -9787,8022 -9780,8025 -9791,8037 -9752,8051 -9752,8064
Z -9752,8490 -9752,9000
Z -8251,9000 -8251,8299 -8403,8267 -8500,8269 -8500,6626 -8612,6584 -8899,6252 -8895,5685 -9002,5619 -9000,5402 -8901,5403 -8850,5367 -8850,5336 -8901,5301 -8901,5278 -9002,5277 -8999,5201 -9050,5179 -9079,5151 -9077,5129 -9051,5102 -9000,5077 -9000,4955 -9101,4925 -9100,4851 -8999,4828 -9003,4806 -8992,4799 -8950,4800 -8997,4727 -8986,4659 -8974,4659 -8974,4651 -8937,4651 -8937,4633 -8899,4633 -8899,4642 -8812,4642 -8812,4625 -8762,4625 -8762,4599 -8737,4599 -8733,4590 -8733,4555 -8712,4545 -8677,4545 -8626,4523 -8671,4485 -8714,4366 -8704,4249 -8722,4176 -8652,4176 -8650,4152 -8652,4143 -8693,4125 -8693,4091 -8710,4084 -8710,4074 -8753,4074 -8753,3936 -8762,3932 -8767,3912 -8754,3896 -8751,3876 -8765,3850 -8776,3845 -8710,3853 -8707,3820 -8679,3821 -8677,3792 -8662,3785 -8650,3805 -8615,3780 -8628,3759 -8611,3757 -8605,3745 -8558,3747 -8535,3719 -8517,3731 -8484,3699 -8468,3698 -8458,3687 -8479,3660 -8466,3640 -8491,3621 -8468,3591 -8511,3557 -8536,3509 -8547,3498 -8561,3499 -8520,3294 -8497,3243 -8499,3234 -8490,3227 -8503,3217 -8514,3182 -8504,3154 -8510,3118 -8486,3070 -8517,3011 -8514,3002 -8502,2998 -8503,2980 -8522,2970 -8522,2944 -8480,2944 -8426,2971 -8408,2987 -8384,2975 -8323,2899 -8296,2890 -8289,2858 -8308,2795 -8307,2777 -8250,2669 -8250,2334 -8270,2325 -8328,2320 -8413,2291 -8459,2254 -8470,2220 -8511,2204 -8517,2185 -8499,2163 -8469,2164 -8451,2156 -8394,2173 -8380,2185 -8366,2176 -8340,2176 -8340,2151 -8311,2126 -8288,2124 -8250,2136 -8250,1853
Z -8250,1781 -8250,1539 -8225,1510 -8235,1491 -8250,1488 -8236,1459 -8242,1443 -8236,1422 -8250,1405 -8250,964 -8262,949 -8283,960 -8285,949 -8294,946 -8294,906 -8272,892 -8292,876 -8285,847 -8305,832 -8289,810 -8298,785 -8274,789 -8261,810 -8250,795 -8249,-9000
Z -7310,-5077 -7326,-5057 -7331,-5030 -7355,-5011 -7348,-5001 -7358,-4993 -7347,-4979 -7359,-4953 -7348,-4932 -7315,-4930 -7310,-4927 -7319,-4921 -7302,-4899 -7262,-4882 -7262,-4851 -7236,-4834
Z -7276,-5062 -7266,-5067
Z -7259,1093 -7291,1043 -7299,981 -7339,917 -7321,917 -7301,930 -7296,910 -7279,911 -7268,865 -7239,836 -7234,810 -7249,794 -7248,748 -7221,738 -7208,707 -7188,699 -7165,705 -7118,696 -7070,710 -7032,694 -7013,697 -6944,612 -6933,616 -6925,608 -6906,622 -6864,614 -6798,622 -6783,631 -6745,620 -6749,611 -6742,598 -6763,578 -6762,554 -6783,534 -6779,506 -6788,453 -6763,376 -6750,372 -6731,338 -6784,289 -6786,279 -6763,281 -6758,269 -6719,239 -6722,227 -6686,121
Z -7258,1096 -7244,1114
Z -7251,-5060 -7231,-5065 -7235,-5074 -7226,-5088 -7228,-5101 -7241,-5111 -7226,-5123 -7246,-5155 -7240,-5158
Z -7244,1114 -7227,1115 -7197,1166 -7136,1185 -7110,1178 -7090,1201 -7096,1225
Z -7238,-5158 -7231,-5169 -7199,-5184 -7192,-5199 -6996,-5201 -6846,-5230 -6863,-5264 -6866,-5491
Z -7232,-4835 -7235,-4807 -7255,-4791 -7235,-4760 -7237,-4745 -7227,-4741
Z -7221,-4742 -7203,-4720
Z -7205,-4491 -7205,-4476
Z -7201,-4490 -7189,-4495
Z -7201,-4212 -7214,-4229 -7204,-4248 -7215,-4256 -7215,-4300 -7206,-4311 -7176,-4317 -7177,-4331
Z -7194,-4346 -7191,-4332 -7181,-4330
Z -7193,-4218 -7174,-4208 -7193,-4165 -7186,-4157 -7191,-4137 -7186,-4094 -7196,-4072 -7179,-4041
Z -7192,-4723 -7188,-4714 -7201,-4706 -7192,-4700 -7196,-4681 -7169,-4669 -7169,-4654 -7177,-4624 -7192,-4615 -7162,-4597 -7181,-4572 -7176,-4555 -7164,-4552
Z -7191,-4345 -7185,-4354
Z -7186,-4479 -7177,-4475
Z -7183,-4354 -7171,-4367 -7180,-4378
Z -7182,-4440 -7186,-4411 -7166,-4394 -7176,-4377
Z -7179,-4493 -7166,-4498
Z -7177,-4008 -7183,-4021 -7173,-4030
Z -7174,-4439 -7164,-4440
Z -7173,-4042 -7171,-4028
Z -7169,-3957 -7172,-3975 -7162,-3991 -7169,-4010
Z -7164,-4478 -7150,-4474
Z -7163,-4498 -7132,-4530 -7151,-4541 -7148,-4548 -7157,-4552
Z -7160,-3962 -7156,-3961
Z -7154,-3962 -7142,-3932 -7142,-3894 -7102,-3875
Z -7144,-4440 -7122,-4443 -7113,-4453 -7134,-4480
Z -7120,-3697 -7109,-3710 -7121,-3729 -7112,-3747 -7119,-3771 -7101,-3807 -7098,-3842 -7084,-3856 -7097,-3875
Z -7117,-3698 -7120,-3685 -7113,-3668
Z -7108,-3670 -7101,-3648
Z -7097,-3649 -7089,-3640
Z -7096,1225 -7113,1251 -7143,1264 -7177,1266 -7177,1820 -7169,1832 -7191,1844 -7200,1860 -7183,1862 -7172,1875 -7172,1888 -7186,1895 -7164,1916 -7177,1933 -7169,1949 -7176,2024 -6750,2024 -6750,4356 -6728,4419 -6704,4436 -6705,4456 -6688,4481 -6715,4517 -6732,4515 -6747,4527 -6743,4560 -6781,4571 -6776,4592 -6781,4708 -6825,4736 -6889,4719 -6906,4729 -6858,4742 -6838,4756 -6837,4792 -6812,4793 -6812,4800 -6761,4800 -6736,4784 -6637,4809 -6527,4792 -6473,4813 -6460,4827 -6304,4850 -6228,4692 -6142,4697 -6091,4800 -6127,4935 -6156,5023 -6163,5027 -6158,5032 -6168,5043 -6162,5073 -6172,5089 -6152,5107 -6171,5124 -6167,5131 -6178,5137 -6183,5162 -6213,5200 -6377,5201 -6382,5207 -6364,5205 -6375,5232 -6397,5235 -6408,5247 -6388,5261 -6338,5265 -6360,5277 -6361,5286 -6417,5268 -6413,5239 -6422,5227 -6416,5213 -6425,5211 -6423,5198 -6436,5197 -6428,5174 -6453,5159 -6477,5176 -6496,5172 -6528,5187 -6534,5182 -6538,5198 -6550,5210 -6566,5199 -6566,5211 -6599,5206 -6628,5231 -6626,5216 -6635,5213 -6648,5233 -6635,5236 -6640,5265 -6629,5261 -6640,5284 -6629,5285 -6636,5300 -6662,5294 -6666,5280 -6677,5276 -6677,5268 -6685,5273 -6687,5266 -6704,5278 -6706,5287 -6716,5282 -6730,5287 -6739,5311 -6724,5317 -6700,5308 -6701,5335 -6689,5341 -6732,5357 -6759,5378 -6752,5384 -6781,5403 -6764,5419 -6775,5443 -6751,5449 -6750,5459 -6727,5448 -6726,5457 -6709,5468 -6744,5506 -6727,5507 -6730,5501 -6679,5475 -6661,5480 -6673,5494 -6666,5498 -6676,5510 -6669,5520 -6682,5534 -6656,5524 -6625,5500 -6586,5491 -6568,5471 -6548,5473 -6547,5484 -6530,5483 -6510,5496 -6478,5483 -6477,5474 -6439,5479 -6405,5461 -6374,5462 -6390,5478 -6381,5494 -6361,5490 -6359,5512 -6341,5525 -6366,5527 -6333,5539 -6377,5546 -6367,5562 -6375,5565 -6370,5578 -6384,5591 -6344,5602 -6380,5604 -6386,5612 -6401,5607 -6401,5616 -6388,5622 -6409,5626 -6417,5643 -6388,5644 -6413,5671 -6400,5685 -6387,5688 -6388,5706 -6374,5723 -6382,5727 -6385,5719 -6387,5725 -6371,5739 -6376,5756 -6358,5771 -6370,5766 -6394,5780 -6405,5777 -6422,5805 -6443,5810 -6416,5835 -6382,5847 -6389,5857 -6408,5855 -6406,5867 -6348,5876 -6373,5888 -6416,5875 -6431,5888 -6488,5893 -6475,5907 -6429,5901 -6453,5920 -6450,5943 -6435,5951 -6470,5945 -6489,5956 -6489,5966 -6477,5970 -6481,5982 -6465,5992 -6490,6005 -6460,6011 -6484,6026 -6453,6030 -6417,6067 -6426,6082 -6464,6090 -6465,6115 -6428,6139 -6421,6159 -6467,6205 -6470,6217 -6437,6219 -6396,6240 -6391,6254 -6414,6275 -6429,6307 -6385,6309 -6366,6317 -6359,6329 -6425,6414 -6471,6429 -6461,6438 -6462,6455 -6445,6488 -6368,6469 -6323,6473 -6289,6501 -6279,6537 -6203,6541 -6177,6549 -6161,6568 -6172,6582 -6146,6596 -6148,6613 -6100,6627 -6074,6666 -6135,6709 -6218,6738 -6320,6755 -6355,6780 -6414,6797 -6439,6816 -6488,6826 -6537,6824 -6632,6861 -6707,6870 -6721,6892 -6637,6897 -6612,6910 -6606,6926 -6628,6945 -6666,6958 -6651,6973 -6666,7003 -6750,7045 -6750,7579 -6894,7591 -7034,7625 -7087,7649 -7093,7660 -7207,7686 -7243,7710 -7336,7729 -7352,7744 -7335,7754 -7226,7768 -7298,7780 -7407,7814 -7377,7842 -7300,7880 -6933,7965 -6871,8018
Z -7096,1225 -7014,1237 -6974,1226 -6896,1176 -6860,1167 -6799,1167 -6799,1210 -6773,1228 -6606,1208 -6456,1211 -6232,1162 -6173,1117 -6180,1059 -6186,1059 -6208,1005 -6111,987 -6111,980 -6083,970 -6056,935 -6067,882 -6011,882 -5982,829 -5999,817 -6003,804 -6037,782 -6053,781 -6072,755 -6060,733 -6063,719 -6055,713 -6037,717 -6030,707 -6038,694 -6070,677 -6091,682 -6093,673 -6113,672 -6121,656 -6112,619 -6140,595 -6066,517 -6059,495 -6068,482 -6090,471 -6098,453 -6132,452 -6131,443 -6150,440 -6157,425 -6215,409 -6243,418 -6256,404 -6274,403 -6275,366 -6289,356 -6335,396 -6351,385 -6367,395 -6404,388 -6415,411 -6459,412 -6479,428 -6481,421 -6464,397 -6420,359 -6422,312 -6400,271 -6405,247 -6336,241 -6341,215 -6400,196 -6409,162 -6435,137 -6441,151 -6473,125 -6484,127 -6514,113 -6520,92 -6533,91 -6552,65 -6559,69 -6552,86 -6560,98 -6575,97 -6613,73 -6629,75 -6686,121
Z -7081,-3643 -7071,-3640 -7072,-3627 -7057,-3614
Z -7050,-3616 -7039,-3605 -7040,-3591
Z -7047,-3109 -7060,-3157 -7039,-3188
Z -7042,-3115 -7032,-3103
Z -7041,-3591 -7036,-3582 -7043,-3536 -7058,-3526 -7039,-3517 -7032,-3475 -6999,-3427
Z -7037,-3203 -7033,-3228 -7017,-3249 -7016,-3274 -7001,-3288 -7012,-3304 -7001,-3330
Z -7036,-3188 -7025,-3194 -7031,-3205
Z -7028,-3104 -7032,-3080 -7015,-3036
Z -7003,-3040 -6985,-3020 -6992,-3009
Z -6996,-3009 -6992,-2981 -7005,-2930 -6981,-2910 -6966,-2840 -6948,-2819
Z -6992,-3428 -6983,-3423 -6989,-3395
Z -6991,-3324 -6979,-3340 -6988,-3356 -6990,-3396
Z -6942,-2821 -6918,-2792 -6902,-2746 -6877,-2710
Z -6869,8016 -6788,7991 -6621,7977 -6605,7957 -6665,7935 -6361,7595 -6227,7602 -6066,7579 -6033,7564 -5949,7552 -5949,7529 -5901,7513 -5886,7496 -5799,7480 -5793,7469 -5834,7450 -5802,7429 -5805,7404 -5755,7390 -5723,7369 -5685,7361 -5679,7347 -5627,7324 -5643,7312 -5640,7294 -5680,7284 -5693,7272 -5680,7257 -5636,7246 -5631,7237 -5637,7218 -5625,7206 -5647,7193 -5655,7163 -5588,7126 -5467,7114 -5454,7101 -5506,7086 -5564,7054 -5563,7039 -5544,7024 -5543,7003 -5560,6972 -5556,6963 -5457,6919 -5351,6903 -5351,6877 -5395,6838 -5402,6815 -5393,6802 -5425,6785 -5428,6753 -5451,6711 -5429,6687 -5394,6673 -5412,6659 -5422,6636 -5416,6608 -5378,6579 -5361,6545 -5308,6533 -5300,6511 -5272,6497 -5254,6426 -5254,4791
Z -6861,-2717 -6837,-2704
Z -6849,-2460 -6858,-2481 -6837,-2510 -6843,-2515
Z -6846,-2515 -6862,-2547 -6841,-2614 -6858,-2630 -6860,-2646 -6831,-2690 -6834,-2705
Z -6846,-2463 -6838,-2449
Z -6835,-2450 -6825,-2439 -6735,-2400 -6702,-2300 -6720,-2282 -6702,-2252
Z -6833,8042 -6712,8075 -6627,8083 -6418,8130 -6217,8187 -5954,8230
Z -6826,-5488 -6721,-5492 -6610,-5525 -6590,-5515 -6388,-5500 -6349,-5479 -6352,-5463 -6371,-5453 -6476,-5456 -6510,-5445 -6589,-5442 -6719,-5385 -6751,-5360
Z -6814,-6650 -6885,-6672 -6964,-6737 -6973,-6755 -6963,-6770 -6915,-6795 -6814,-6792 -6784,-6798 -6770,-6840 -6774,-6863
Z -6750,9000 -6750,8319 -6239,8298 -6184,8288 -6174,8281 -6176,8273 -5998,8255 -5963,8243 -5954,8230
Z -6750,-4997 -6726,-4910 -6685,-4880 -6569,-4824 -6551,-4804 -6556,-4777 -6543,-4733 -6555,-4707 -6572,-4694 -6661,-4683 -6717,-4645 -6731,-4617 -6728,-4604 -6675,-4541 -6643,-4539 -6612,-4520 -6564,-4524 -6538,-4515 -6525,-4491 -6529,-4476 -6499,-4452 -6492,-4402 -6503,-4377 -6499,-4367 -6469,-4336 -6351,-4298 -6334,-4278 -6333,-4226 -6358,-4193 -6385,-4188 -6445,-4204 -6477,-4197 -6473,-4151 -6485,-4106 -6375,-4137 -6306,-4135 -6263,-4123 -6214,-4101 -6194,-4074 -6192,-4056 -6214,-4032 -6206,-4006 -6186,-3989 -6177,-3947 -6155,-3924 -5899,-3890 -5808,-3864 -5741,-3830 -5729,-3816 -5723,-3791 -5645,-3703 -5641,-3662 -5654,-3619 -5671,-3610 -5693,-3612 -5712,-3590 -5688,-3551 -5693,-3527 -5758,-3468 -5727,-3468 -5633,-3512 -5605,-3512 -5565,-3499 -5489,-3518 -5404,-3486 -5361,-3455 -5322,-3391 -5256,-3338 -5253,-7702
Z -6749,-9000 -6749,-6863
Z -6749,-6650 -6749,-5608 -6799,-5604 -6863,-5567 -6955,-5567 -7159,-5510 -7181,-5494 -7228,-5485 -7246,-5463 -7276,-5453 -7293,-5432 -7365,-5424 -7379,-5390 -7425,-5354 -7450,-5344 -7459,-5321 -7504,-5285 -7501,-5265 -7489,-5257 -7491,-5247 -7524,-5227 -7545,-5181 -7563,-5164 -7554,-5128 -7529,-5103 -7559,-5094 -7581,-5072 -7571,-5010 -7591,-4978 -7587,-4939 -7595,-4927 -7599,-4662 -7511,-4350 -7502,-4338 -7469,-4331 -7448,-4279 -7444,-4218 -7434,-4201 -7430,-4171 -7413,-4155 -7426,-4101 -7397,-3991 -7370,-3970 -7352,-3941 -7374,-3869 -7410,-3856 -7422,-3838 -7419,-3826 -7394,-3811 -7373,-3812 -7395,-3770 -7393,-3742 -8149,-3742 -8149,-2471 -7081,-2471 -7071,-2375 -7083,-2344 -7082,-2318 -7070,-2291 -7053,-2274 -7030,-2144 -7043,-2073 -7035,-1999 -7062,-1845 -6999,-1826 -6987,-1814 -6978,-1796 -6985,-1769 -6951,-1751 -6952,-1737 -6967,-1729 -6962,-1719 -6943,-1709 -6918,-1673 -6904,-1667 -6903,-1645 -6883,-1633 -6898,-1621 -6918,-1620 -6943,-1563 -6915,-1523 -6938,-1498 -6937,-1480 -6927,-1475 -6923,-1457 -6899,-1438 -6901,-1425 -6886,-1419 -6910,-1367 -6897,-1350 -6898,-1287 -6877,-1271 -6879,-1262 -6868,-1250 -6958,-1095 -6996,-1092 -7029,-1106 -7053,-1094 -7064,-1101 -7064,-985 -7054,-971 -7062,-957 -7052,-943 -7130,-999 -7220,-1001 -7216,-988 -7231,-953 -7281,-941 -7321,-941 -7297,-913 -7298,-899 -7335,-860 -7336,-848 -7354,-836 -7367,-801 -7378,-794 -7371,-779 -7402,-754 -7394,-745 -7398,-736 -7371,-730 -7381,-710 -7376,-689 -7315,-648 -7323,-608 -7298,-565 -7292,-513 -7264,-506 -7239,-479 -7191,-452 -7136,-446 -7126,-438 -7097,-439 -7083,-418 -7065,-412 -7059,-419 -7033,-414 -7021,-434 -7014,-426 -7004,-434 -6997,-429 -6940,-118 -6963,-73 -6962,-52 -7007,-16 -7005,59 -6948,73 -6930,62 -6914,65 -6915,87 -6929,104 -6985,106 -6986,171 -6954,177 -6816,172 -6828,183 -6819,201 -6793,174 -6742,214 -6712,171 -6709,118 -6686,121
Z -6700,-2253 -6679,-2243 -6670,-2220
Z -6664,-2221 -6632,-2208
Z -6631,-2208 -6623,-2179
Z -6619,-6863 -6619,-6650
Z -6575,-2211 -6558,-2209
Z -6546,-2210 -6503,-2210
Z -6473,-2218 -6469,-2217
Z -6433,-2286 -6426,-2254 -6391,-2200
Z -6374,-2205 -6364,-2200
Z -6302,-2200 -6287,-2199
Z -6228,-2251 -6227,-2251
Z -6167,-2328 -6163,-2328
Z -6121,-2356 -6119,-2356
Z -6098,-2382 -6094,-2381
Z -6082,-2387 -6073,-2387
Z -6069,-2389 -6065,-2389
Z -6042,-2399 -6039,-2399
Z -6033,-2402 -6030,-2402
Z -6022,-2403 -6006,-2400
Z -5954,8230 -5490,8257 -5256,8259 -5254,9000
Z -5897,131 -5887,-32 -5874,-45 -5874,-65 -5861,-77
Z -5884,119 -5869,128
Z -5860,-2731 -5824,-2726
Z -5859,127 -5856,129
Z -5857,-77 -5829,-113
Z -5854,-2704 -5852,-2706
Z -5853,127 -5852,144 -5832,160
Z -5833,-2680 -5829,-2681
Z -5833,-2499 -5823,-2494
Z -5827,-2676 -5826,-2676
Z -5827,-113 -5815,-124
Z -5824,-2665 -5820,-2666
Z -5823,156 -5819,157
Z -5815,-2618 -5813,-2620
Z -5814,-124 -5767,-158 -5733,-173
Z -5813,-2727 -5805,-2726
Z -5807,151 -5799,166
Z -5804,-2504 -5801,-2504
Z -5793,164 -5776,171
Z -5783,493 -5793,480 -5784,465 -5807,415 -5784,366 -5765,352 -5766,340 -5756,335
Z -5780,492 -5765,501
Z -5771,-2565 -5770,-2565
Z -5767,-2561 -5764,-2562
Z -5764,170 -5732,198
Z -5761,499 -5752,501
Z -5754,337 -5748,334
Z -5749,-2742 -5737,-2740
Z -5749,499 -5732,503
Z -5742,339 -5737,337
Z -5733,531 -5707,605
Z -5731,339 -5727,313
Z -5731,531 -5730,531
Z -5730,531 -5727,522
Z -5730,502 -5728,518
Z -5727,-171 -5723,-177
Z -5725,527 -5723,514
Z -5724,195 -5711,202
Z -5724,314 -5721,302
Z -5722,302 -5718,282
Z -5720,-176 -5681,-204
Z -5714,283 -5714,277
Z -5711,-2749 -5691,-2742
Z -5710,278 -5705,264
Z -5706,606 -5696,622 -5609,606 -5585,617 -5472,619 -5375,596 -5337,577 -5281,563 -5254,536 -5254,4718
Z -5703,265 -5700,251
Z -5700,-925 -5710,-906 -5760,-874 -5769,-845 -5765,-822 -5848,-672 -5830,-650 -5640,-230 -5632,-224
Z -5698,191 -5694,192
Z -5697,-924 -5684,-927 -5677,-940
Z -5696,252 -5671,203 -5649,195 -5658,191
Z -5680,187 -5673,192
Z -5677,-2751 -5661,-2745
Z -5677,-203 -5676,-217 -5664,-222
Z -5669,-938 -5647,-947
Z -5669,191 -5664,194
Z -5651,-216 -5640,-227
Z -5646,-947 -5026,-984 -5060,-1066 -5062,-1106 -5075,-1147 -5066,-1160 -5072,-1174 -5065,-1189 -5066,-1261
Z -5640,-2759 -5629,-2739 -5613,-2730
Z -5638,4734 -5650,4737 -5710,4698 -5690,4661 -5641,4637 -5640,4631 -5615,4631 -5615,4655 -5591,4666
Z -5638,4734 -5644,4741 -5688,4734 -5810,4748 -5925,4738 -5958,4756 -5969,4790 -5938,4823 -5953,4840 -5946,4865 -5881,4899 -5790,5023 -5767,5078 -5732,5116 -5710,5125 -5708,5271 -5750,5306 -5750,5339 -5675,5397 -5646,5399 -5619,5392 -5572,5368 -5542,5331 -5551,5299 -5530,5227 -5498,5195 -5518,5172 -5511,5157 -5519,5137 -5538,5116 -5525,5103 -5519,5072 -5547,5052 -5585,5056 -5602,5034 -5570,5017 -5520,5005 -5517,4991 -5527,4974 -5416,4994 -5383,4984 -5369,4959 -5330,4941 -5318,4929 -5345,4886 -5286,4883 -5275,4873 -5270,4858 -5278,4834 -5262,4822 -5257,4807 -5263,4796 -5254,4791
Z -5638,4734 -5626,4731 -5611,4710 -5610,4686 -5598,4680
Z -5599,-2733 -5592,-2733
Z -5598,4680 -5591,4666
Z -5598,4680 -5591,4666
Z -5591,4666 -5524,4670 -5489,4693 -5473,4716 -5440,4720 -5448,4687 -5436,4667 -5368,4645 -5309,4644 -5286,4654 -5267,4675 -5254,4718
Z -5576,-2744 -5560,-2733 -5560,-2717 -5552,-2710
Z -5549,-2710 -5542,-2698 -5528,-2693
Z -5517,-2696 -5484,-2665
Z -5482,-2666 -5464,-2620 -5463,-2565
Z -5460,-2565 -5462,-2543 -5443,-2515 -5447,-2504 -5427,-2436 -5433,-2412 -5408,-2395 -5397,-2344 -5373,-2330 -5359,-2290 -5317,-2270 -5296,-2246
Z -5299,-1839 -5306,-1831 -5306,-1802 -5325,-1762 -5320,-1727 -5304,-1704 -5302,-1687 -5264,-1653 -5268,-1629 -5225,-1591 -5196,-1580
Z -5294,-2246 -5237,-2210 -5231,-2192 -5205,-2167 -5211,-2155 -5205,-2148
Z -5291,-1835 -5277,-1841 -5290,-1866 -5276,-1871
Z -5270,-1871 -5262,-1872
Z -5254,4718 -5235,4749 -5244,4782 -5254,4791
Z -5250,-1871 -5232,-1882
Z -5227,-1881 -5159,-1914
Z -5200,-2148 -5187,-2134 -5188,-2114 -5164,-2088 -5159,-2060 -5133,-2036 -5109,-2026 -5100,-2010 -5103,-1972 -5094,-1955 -5115,-1928
Z -5192,-1581 -5179,-1553
Z -5177,-1554 -5165,-1519 -5132,-1496
Z -5155,-1914 -5118,-1929
Z -5128,-1502 -5111,-1489 -5092,-1412
Z -5090,-1412 -5087,-1372 -5058,-1325 -5050,-1284
Z -5067,-1260 -5060,-1281
Z -5058,-1280 -5053,-1284
Z -4504,-5493 -3755,-5493
Z -4504,-5209 -3755,-5209
Z -3755,-7976 -3362,-7976
Z -3755,-7490 -3755,-7818 -3705,-7819 -3651,-7797 -3623,-7775 -3574,-7764 -3514,-7734 -3363,-7703
Z -3755,8375 -3252,8384 -2788,8371 -2435,8343 -2331,8320 -2316,8310 -2268,8305
Z -3754,-437 -3718,-455 -3704,-473 -3683,-475 -3662,-488 -3587,-486 -3549,-495 -3524,-510 -3505,-546 -3462,-696 -3459,-764 -3470,-826 -3511,-927 -3626,-1065 -3680,-1098 -3754,-1226
Z -3754,6517 -3753,6537 -3671,6538 -3639,6561 -3603,6565 -3545,6591 -3430,6621 -3337,6670 -3329,6687 -3279,6717 -3267,6748 -3225,6763 -3177,6769 -3150,6787 -3030,6786 -2614,6848 -2522,6873 -2404,6920 -2251,6964
Z -2800,-7715 -2500,-7715
Z -2795,-7602 -2521,-7564
Z -2461,6528 -2497,6540 -2503,6555 -2434,6600 -2425,6617 -2371,6639 -2345,6660 -2253,6667
Z -2457,7058 -2439,7251 -2232,7197
Z -2437,6528 -2422,6523 -2422,6510 -2448,6500 -2455,6489 -2425,6460 -2389,6452 -2295,6458 -2259,6433 -2302,6424 -2321,6400 -2312,6372 -2285,6361 -2253,6361
Z -2292,7595 -2273,7964 -1744,7955
Z -2253,9000 -2253,8303
Z -2253,6667 -2251,6964
Z -2253,6667 -2207,6662 -2092,6614 -2029,6634 -1968,6626 -1898,6641 -1837,6639 -1853,6651 -1849,6665 -1813,6677 -751,6676 -751,7090 -730,7117 -751,7132 -751,9000
Z -2253,6361 -2254,4019 -3175,4019 -3175,3650 -2254,3650 -2254,1840 -2751,1840 -2751,1340 -2253,1340 -2251,-9000
Z -2253,6361 -2120,6364 -2078,6350 -2060,6325 -2029,6319 -1984,6332 -1883,6319 -752,6322 -752,6246 -766,6233 -798,6224 -809,6208 -794,6195 -752,6187 -752,5820 -883,5802 -899,5789 -900,5780 -872,5760 -782,5744 -783,5715 -794,5692 -781,5679 -752,5673 -752,5558 -847,5534 -886,5513 -893,5492 -916,5470 -904,5450 -980,5455 -1017,5449 -1042,5435 -1062,5393 -1029,5376 -1054,5360 -1053,5339 -1038,5324 -1018,5319 -1010,5302 -982,5290 -1022,5268 -1028,5249 -1069,5234 -1082,5214 -1074,5181 -1042,5145 -991,5124 -859,5137 -786,5164 -786,4400
Z -2251,6964 -2156,7001 -2147,7010 -2151,7023 -2172,7021
Z -2251,8302 -1986,8270 -1975,8261 -1989,8251 -2085,8227 -1861,8229 -1799,8219 -1717,8193 -1602,8203 -1323,8199 -1103,8178 -1004,8152 -1004,8144 -1045,8129 -1288,8083 -1329,8066 -1459,8050 -1454,8041 -1467,8033 -1551,8010 -1609,8003 -1683,7965 -1737,7955
Z -2152,7234 -2118,7269 -2124,7281 -2118,7290 -2064,7299 -2047,7310 -2047,7321 -1973,7342 -1966,7353 -1974,7365 -1954,7379 -1959,7394 -1947,7404 -1875,7415 -1825,7441 -1762,7455 -1752,7473 -1705,7479 -1660,7497 -1654,7518 -1733,7552 -1790,7562 -1859,7561 -1853,7569 -1803,7575
Z -1802,7575 -1772,7593 -1784,7651 -1736,7693 -1737,7720 -1780,7741 -1700,7755 -1667,7779 -1672,7790 -1694,7801 -1786,7812 -1793,7829 -1730,7853 -1698,7873 -1698,7884 -1648,7896 -1633,7911 -1642,7921 -1685,7934 -1815,7941 -1817,7947 -1750,7953
Z -917,4187 -914,4164 -1856,3298 -1853,2705 -1368,2705 -1377,2687 -1431,2660 -1465,2633 -1504,2542 -1512,2483 -1612,2391 -1624,2370 -1620,2352 -1642,2318 -1658,2267 -1701,2225 -1718,2186 -1730,2074 -1713,2057 -1689,2062 -1654,2031 -1654,2000 -1671,1977 -1668,1955 -1676,1937 -1666,1914 -1642,1894 -1628,1835 -1626,1787 -1635,1742 -1667,1669 -1680,1577 -1726,1512 -1767,1492 -1775,1474 -1757,1449 -1732,1448 -1700,1398 -1688,1362 -1704,1336 -1701,1241 -1689,1219 -1659,1201 -1638,1177 -1658,1167 -1664,1154 -1642,1098 -1626,1084 -1603,1082 -1581,1086 -1556,1104 -1517,1064 -1490,1054 -1459,1006 -1394,969 -1389,939 -1365,928 -1353,911 -1345,879 -1349,839 -1331,803 -1316,796 -1308,774 -1316,754 -1308,741 -1186,693 -1160,674 -1147,653 -1102,633 -1090,612 -1031,585 -916,483 -830,438 -751,414 -751,-583 -1619,-583 -1614,-936 -751,-936 -752,-3566 -1464,-3566 -1464,-4171 -752,-4171 -753,-7057
Z -917,4187 -915,4232 -957,4290 -952,4319 -915,4347 -863,4355 -852,4373 -786,4400
Z -917,4187 -889,4187 -863,4205 -822,4215 -820,4207 -810,4204 -823,4190 -818,4181 -791,4191 -790,4186 -772,4190 -744,4181 -722,4188 -715,4199 -661,4196 -652,4187 -654,4166 -621,4157 -632,4141 -665,4127 -680,4106 -694,4102 -682,4086 -686,4044 -679,4036 -704,4018 -688,4001 -702,3969 -756,3968 -731,3946 -726,3921 -697,3901 -706,3886 -727,3874 -736,3845 -710,3817 -696,3817 -702,3802 -727,3798 -753,3757 -736,3696 -702,3697 -670,3681 -667,3663 -621,3603 -565,3593 -538,3602 -505,3596 -500,3568 -456,3540 -371,3550 -336,3542 -296,3565 -277,3558 -260,3531 -222,3532 -221,3502 -177,3474 -187,3460 -170,3448 -181,3437 -167,3408 -175,3370 -162,3355 -168,3327 -150,3306 -156,3293 -142,3274 -103,3249 -124,3236 -131,3217 -120,3215 -121,3209 -252,3213 -288,3208 -302,3183 -351,3167 -383,3169 -386,3147 -374,3139 -384,3115 -373,3118 -362,3109 -365,3096 -402,3091 -445,3064 -495,3049 -515,3019 -557,2989 -649,2982 -661,2956 -714,2962 -865,2873 -868,2729 -452,2480 115,2110 115,2074 156,2060 166,2040 189,2023 220,2027 240,2006 320,1982 326,1939 310,1914 328,1900 423,1914 418,1642 406,1630 385,1569 353,1550 351,1535 303,1543 300,1534 133,1528 95,1498 21,1499 16,1450 39,1425 34,1413 45,1391 59,1369 90,1361 102,1347 127,1335 98,1337 98,1303 156,1263 184,1261 197,1272 211,1271 224,1242 205,1234 239,1190 229,1167 201,1143 160,1139 144,1147 133,1129 116,1129 116,1117 106,1114 112,1103 98,1108 78,1069 77,1037 133,1000 133,952 160,905 163,700 153,699 157,668 174,643 186,606 388,622 439,612 477,580 515,525 539,460 584,416 618,408 754,425 753,187 766,166 753,138 754,-69 266,-67 266,-396 754,-396 754,-5370 250,-5370 250,-5520 754,-5520 754,-6997 838,-7000 919,-6986 987,-6993 1033,-6981 1083,-6980 1132,-6987 1161,-7006 1217,-6988 1289,-6984 1289,-7188 754,-7187 754,-8872
Z -786,4400 -760,4401 -710,4380 -640,4380 -582,4389 -555,4379 -456,4364 -356,4375 -315,4362 -275,4368 -219,4354 -180,4363 -157,4436 -143,4553 -186,4629 -202,4636 -212,4651 -254,4653 -268,4667 -265,4683 -303,4709 -351,4723 -357,4731 -352,4750 -403,4763 -447,4761 -470,4781 -497,4791 -504,4805 -500,4821 -532,4829 -545,4845 -542,4921 -358,4955 -294,4977 -281,4996 -206,5015 -50,5012 78,5039 112,5064 136,5095 191,5121 239,5128 310,5155 375,5212 406,5227 424,5252 439,5313 473,5344 515,5361 599,5368 750,5398 750,5780 697,5778 644,5788 525,5848 506,5871 513,5893 486,5901 473,5916 478,5947 465,5979 475,6002 453,6022 453,6041 435,6058 442,6079 421,6102 425,6115 452,6136 454,6151 440,6164 437,6189 473,6232 528,6255 580,6264 628,6283 657,6308 731,6328 735,6350 752,6358 752,8490
Z -754,-9000 -753,-7195
Z -753,-7195 -977,-7195 -977,-7073 -867,-7103 -858,-7082 -834,-7069 -753,-7057
Z -753,-7195 -753,-7057
Z 1939,5462 1906,5535 1894,5589 1905,5592 2007,5756 2042,5791 2037,5820 2048,5884 2016,5944 1908,6019 1923,6068 1952,6270 2070,6348 2150,6367 2420,6562 2411,6575 2416,6584 2402,6605 2372,6621 2366,6632 2365,6646 2388,6656 2389,6675 2400,6681 2358,6715 2360,6726 2379,6734 2377,6742 2343,6749 2355,6759 2348,6786 2366,6795 2331,6815 2317,6812 2307,6829 2281,6839 2207,6848 2091,6889 2091,6898 2062,6904 2074,6910 2107,6904 2116,6909 2103,6918 2110,6924 2164,6927 2237,6882 2241,6871 2320,6862 2393,6882 2491,6856 2513,6865 2520,6881 2563,6887 2580,6899 2574,6922 2601,6969 2620,6972 2653,6993 2710,6990 2787,7008 2840,6980 2915,6966 2934,6946 2885,6920 2883,6909 2895,6903
Z 1939,5462 1956,5475 1957,5495 1969,5509 2034,5518 2065,5543 2093,5528 2137,5529 2205,5503 2257,5507 2284,5483 2268,5457 2277,5436
Z 1939,5462 1961,5446
Z 1962,5445 2277,5436
Z 2250,-8491 2250,-3417 2231,-3420 2182,-3450 2129,-3455 2102,-3448 2089,-3457 2058,-3458 2001,-3494 1957,-3488 1919,-3471 1908,-3452 1874,-3448 1867,-3423 1851,-3445 1829,-3438 1816,-3408 1830,-3376 1777,-3311 1770,-3285 1782,-3262 1817,-3253 1819,-3225 1808,-3180 1755,-3111 1715,-3043 1686,-2959 1638,-2877 1649,-2857 1676,-2846 1677,-2827 1689,-2808 1708,-2803 1721,-2823 1735,-2823 1740,-2840 1732,-2847 1742,-2859 1740,-2870 1758,-2868 1763,-2876 1791,-2878 1817,-2890 1875,-2884 1912,-2896 1929,-2888 1927,-2874 1946,-2871 1957,-2853 1998,-2842 1998,-2200 2098,-2196 2098,-1832 2329,-1800 2361,-1848 2435,-1796 2456,-1805 2495,-1779 2526,-1779 2504,-1758 2468,-1749 2422,-1748 2338,-1764 2210,-1654 2198,-1614 2198,-1300 2400,-1300 2387,-1279 2403,-1239 2395,-1215 2395,-1164 2406,-1141 2400,-1098 2397,-1087 2383,-1103 2346,-1096 2301,-1110 2250,-1104 2224,-1125 2217,-1085 2232,-1076 2231,-1037 2216,-993 2188,-966 2179,-941 2194,-846 2175,-800 2184,-737 2178,-729 2052,-729 2061,-692 1996,-700 1973,-655 1969,-619 2000,-596 2018,-568 2019,-515 2006,-477 2012,-450 2004,-428 2034,-439 2039,-428 2067,-413 2066,-328 2101,-249 2142,-248 2148,-234 2183,-252 2214,-228 2225,-247 2217,-192 2251,-196 2262,-181 2294,-196 2310,-194 2322,-208 2369,-202 2383,-177 2442,-179 2429,-139 2398,-133 2338,-84 2362,-65 2348,-46 2327,-49 2298,-40 2313,-28 2329,-31 2341,-21 2297,41 2281,100 2263,135 2229,151 2247,169 2258,212 2276,201 2298,218 2309,210 2334,225 2365,219 2363,233 2336,252 2304,256 2296,267 2307,315 2281,300 2279,327 2263,337 2268,345 2304,355 2317,367 2337,362 2351,382 2279,389 2275,398 2245,415 2261,436 2259,447 2269,449 2290,482 2341,459 2359,473 2426,493 2440,504 2440,512 2466,492 2508,495 2531,503 2536,531 2554,538 2591,517 2620,524 2650,505 2674,509 2687,504 2707,520 2744,506
Z 2255,9000 2255,8107 3476,8106 3476,7544 2255,7545 2254,7095 2367,7122 2546,7137 2605,7135 2675,7117 2754,7133 2840,7129 2981,7095 3048,7088 3134,7062 3168,7040 3165,7020 3175,7017
Z 2277,5436 2296,5438 2335,5422 2347,5411 2349,5394
Z 2349,5394 2359,5361 2389,5315 2392,5274 2339,5251 2317,5229 2364,5208 2368,5199 2353,5166 2361,5152
Z 2349,5394 2417,5396 2438,5389 2481,5398 2482,5413 2507,5413 2521,5426 2546,5430 2555,5423 2552,5414 2576,5416 2579,5424 2570,5432 2553,5432 2574,5457 2578,5487 2614,5497 2626,5514 2660,5512 2680,5527 2645,5533 2662,5569 2682,5571 2698,5583 2759,5579 2765,5592 2791,5610 2815,5614
Z 2361,5152 2370,5140 2364,5130 2414,5086 2396,5081 2408,5071 2411,5054 2398,5040 2368,5037 2277,4967 2264,4953 2274,4928 2268,4916 2287,4901 2256,4909 2231,4868 2214,4857 2213,4840 2227,4840 2236,4824 2248,4824 2261,4810 2280,4809 2288,4795 2264,4777 2227,4772 2201,4752 2200,4739 2163,4702 2150,4670 2130,4660 2128,4642 2114,4628 2080,4627 2066,4614 2047,4617 2024,4611 2069,4574 2079,4575 2077,4548 2149,4515 2135,4500 2154,4489 2136,4486 2140,4479 2199,4466 2213,4450 2243,4473 2277,4458 2248,4450 2269,4423 2259,4406 2240,4399 2235,4381 2252,4347 2298,4317 2273,4289 2243,4281 2248,4273 2243,4257 2253,4246 2235,4231 2253,4213 2284,4201 2301,4174 2293,4161 2294,4135 2275,4132 2270,4114 2205,4115 2158,4087 2097,4085 2101,4055 2077,4042 2065,4009 2030,3999 2040,3982 2028,3980 2030,3972 2020,3964 1998,3966 1997,3982 1966,3988 1945,3991 1937,3978 1942,3962 1997,3905 2045,3896 2009,3819 2013,3808 2036,3794 2040,3772 2074,3746 2110,3751 2139,3740 2132,3709 2149,3662 2178,3649 2211,3662 2213,3641 2244,3619 2244,3307 2220,3315 2159,3315 2130,3298 2098,3297 2017,3257 1981,3221 1969,3191 1969,3162 1990,3117 1988,3101 1953,3064 1913,3048 1793,3112 1693,3140 1633,3145 1587,3158 1567,3182 1551,3240 1528,3258 1459,3271 1427,3291 1333,3312 1277,3301 1237,3305 1160,3338 1146,3290 1145,3264 1155,3243 1087,3214 1077,3200 1061,3195 1050,3174 1026,3168 1011,3143 1027,3092 1019,3073 987,3036 929,3012 967,2961 983,2913 978,2827 994,2787 972,2731 991,2684 985,2652 948,2635 938,2617 1001,2533 1003,2486 1019,2475 1024,2460 1041,2447 1070,2456 1154,2430 1197,2352 1348,2318 1422,2262 1599,2344 2398,1950 2398,1572 2309,1570 2291,1554 2296,1520 2266,1486 2268,1469 2236,1454 2243,1426 2255,1414 2221,1396 2207,1378 2227,1333 2196,1310 2181,1279 2194,1264 2211,1265 2220,1274 2245,1261 2237,1246 2248,1216 2246,1203 2261,1207 2254,1163 2277,1140 2291,1140 2295,1125 2286,1089 2329,1044 2364,986 2363,928 2347,917 2344,902 2357,897 2351,871 2422,869 2425,858 2414,844 2415,832 2480,818 2506,790 2522,786 2528,766 2517,758 2519,750 2536,734 2603,700 2609,683 2638,665 2627,647 2651,621 2642,607 2678,598 2682,589 2712,577 2726,558 2726,526 2744,506
Z 2361,5152 2363,5163 2398,5159 2439,5188 2577,5193 2715,5176 2727,5159 2769,5159 2771,5146 2783,5161 2807,5156 2821,5165 2833,5153 2860,5155 2873,5140 2880,5153 2906,5163 2916,5160 2932,5137 2964,5149 2983,5143 3015,5148 3054,5124 3065,5137 3052,5160 3074,5190 3094,5199 3092,5206 3176,5210
Z 2398,1950 2398,2000
Z 2498,2000 2498,2012
Z 2498,2022 2498,2031
Z 2498,2050 2498,2075
Z 2498,2088 2498,2112
Z 2498,2137 2498,2175
Z 2498,2187 2498,2200
Z 2744,506 2751,492 2775,478 2777,460 2801,455 2805,442 2838,428 2876,455 2920,434 2939,449 2946,467 2980,456 2979,437 2993,431 3019,396 3053,387 3054,361 3075,367 3084,349 3090,352 3091,339 3074,306 3085,285 3071,245 3087,233 3097,241 3106,229 3118,230 3128,215 3103,178 3048,124 3024,114 3015,91 2995,82 2994,50 2970,7 2955,-93 2958,-139 2983,-132 2996,-146 3015,-135 3034,-107 3045,-106 3056,-132 3074,-141 3084,-162 3084,-233 3055,-240 3042,-265 3052,-265 3041,-283 3049,-294 3083,-298 3081,-325 3043,-355 3038,-379 3031,-379 3000,-427 2973,-446 2940,-445 2932,-484 2961,-570 2948,-600 2954,-631 2971,-662 3009,-689 3029,-715 3089,-848 3108,-862 3135,-859 3154,-870 3167,-891 3194,-893 3194,-906 3242,-914 3252,-926 3317,-951 3330,-949 3342,-962 3373,-958 3391,-972 3396,-952 3408,-951 3452,-1001 3468,-1075 3461,-1110 3477,-1135 3489,-1138 3496,-1157 3558,-1161 3583,-1141 3617,-1158 3620,-1170 3663,-1172 3682,-1157 3703,-1156 3714,-1167 3745,-1172 3782,-1153 3794,-1128 3826,-1128 3849,-1141 3890,-1117 3926,-1117 3950,-1099 4001,-1081 4065,-1033 4084,-1063 4065,-1160 4083,-1277 4076,-1313 4076,-1373 4101,-1443 4104,-1473 4074,-1559 3990,-1661 3935,-1694 3919,-1713 3866,-1727 3753,-1777 3753,-4665 3728,-4691 3738,-4708 3753,-4714 3753,-9000
Z 2778,6054 2746,6023 2654,6011 2634,5999 2682,5966 2739,5965 2803,5947
Z 2778,6054 2920,6125 3065,6219 3093,6230 3124,6250 3157,6291 3120,6321 3046,6347 2998,6374 3020,6379 3055,6402 3056,6422 3003,6440 3007,6447 2995,6457 3018,6464 3012,6477 2978,6480 2963,6491 2960,6503 2985,6512 2983,6521 2958,6524 2972,6533 2973,6549 2984,6556 2970,6563 3010,6566 3011,6571 2990,6611 2905,6691 2952,6730 2992,6751 3001,6769 2965,6782 2933,6807 2866,6820 2845,6853 2880,6884 2841,6890 2895,6903
Z 2808,5945 2818,5936 2788,5928 2771,5899 2748,5888 2741,5875 2755,5840 2750,5822 2763,5809 2766,5792 2780,5786 2752,5781 2733,5758 2753,5753 2751,5743 2784,5729 2782,5716 2768,5710 2775,5704 2763,5684 2791,5682 2787,5674 2813,5655 2822,5627 2815,5614
Z 2815,5614 2831,5604 2861,5609 2881,5593 2903,5602 2938,5595 2944,5591 2935,5577 2948,5568 2991,5584 3020,5586 3091,5557 3092,5539 3079,5529 3096,5516 3101,5502 3081,5493 3077,5479 3117,5462 3106,5449 3121,5445 3132,5423 3182,5405 3174,5379 3208,5381 3244,5371 3249,5368 3240,5364 3243,5356 3272,5344 3272,5333 3245,5330 3242,5320 3220,5310 3142,5320 3125,5301 3156,5279 3148,5268 3163,5255 3155,5251 3157,5231 3170,5225 3176,5210
Z 2895,6903 2922,6910 2938,6930 3012,6944 3023,6956 3012,6963 3051,6954 3090,6954 3093,6967 3084,6981 3090,7003 3123,7003 3175,7017
Z 3144,2200 3149,2217
Z 3175,7017 3224,7017 3348,6992 3372,6978 3373,6964 3388,6960 3439,6961 3491,6947 3546,6948 3621,6937 3754,6902 3754,7900 3557,7901 3557,8105 3754,8105 3754,8300
Z 3176,5210 3191,5203 3223,5208 3239,5233 3291,5224 3318,5237 3348,5236 3351,5229 3380,5235 3407,5216 3410,5195 3441,5178 3438,5171 3409,5167 3422,5151 3419,5139 3431,5133 3419,5125 3461,5123 3467,5117 3508,5121 3514,5106 3536,5103 3528,5094 3547,5067 3538,5062 3561,5035 3611,5042 3627,5028 3641,5030 3659,5020 3742,5043 3760,5029 3760,5020 3800,4990 3817,4994 3817,5006 3830,5006 3836,4998 3866,4997 3894,4980 3916,4987 3926,4974 3956,4972 3980,4954 4013,4958 4003,4949 4016,4933 4014,4925 3992,4905 3968,4902 3976,4890 4005,4887 3998,4879 3978,4881 3963,4859 3984,4857 3992,4838 3982,4831 3999,4827 3976,4801 3976,4783 3883,4785 3873,4768 3829,4756 3819,4732 3830,4728 3820,4719 3822,4710
Z 3642,2200 3665,2200
Z 3662,4493 3650,4520 3664,4526 3658,4531 3669,4540 3669,4562 3731,4552 3736,4575 3759,4588 3781,4620 3749,4655 3764,4673
Z 3662,4491 3695,4486 3732,4452 3777,4443 3810,4421 3855,4413 4018,4299 4069,4289 4100,4264 4124,4258 4151,4189 4132,4165 4153,4151 4181,4142 4195,4151 4246,4143 4259,4158 4282,4157 4277,4150 4318,4130 4310,4125 4323,4117 4341,4118 4346,4102 4365,4091 4373,4068 4356,4048 4372,4017 4367,4011 4403,4001 4433,4003 4481,3964
Z 3686,2197 3688,2200
Z 3751,2196 3751,2419 3707,2482 3718,2497 3716,2513 3701,2531 3687,2528 3669,2545 3643,2557 3648,2587 3662,2597 3644,2606 3616,2657 3519,2789 3500,2802 3473,2801 3463,2783 3445,2787 3490,2936 3607,2920 3648,2949 3673,2985 3747,2999 3765,3033 3798,3050 3696,3149 3896,3199 3927,3221 3924,3235 3903,3233 3898,3247 3906,3250 3877,3337 4099,3443 4120,3479 4120,3524 4136,3566 4124,3608 4128,3635 4139,3652 4182,3660 4236,3711 4256,3715 4277,3737 4294,3732 4311,3737 4381,3720 4409,3731 4424,3724 4418,3709 4428,3697 4461,3718 4477,3714
Z 3754,8300 3754,9000
Z 3754,8300 5250,8300 5250,9000
Z 4477,3714 4489,3702 4483,3679 4505,3667 4499,3653 4508,3641 4524,3640 4532,3599 4554,3599 4575,3581 4606,3586 4633,3580 4600,3567 4596,3549 4612,3532 4615,3511 4591,3509 4585,3491 4567,3481 4563,3472 4570,3455 4550,3459 4550,3449 4542,3444 4556,3431 4554,3414 4538,3397 4549,3394 4573,3358 4589,3363 4593,3355 4585,3349 4597,3349 4616,3326 4617,3317 4603,3311 4612,3306 4610,3295 4648,3289 4709,3247 4727,3248 4742,3239 4749,3215 4783,3181 4768,3141 4767,3099 4801,3099 4801,3046 4840,3022 4845,3000 4857,2995 4868,2975 4915,2995 4952,2982 4977,2986 4997,2979 5023,2949 5007,2933 5012,2911 5025,2902 5052,2898 5083,2861 5109,2799 5149,2767 5194,2762 5232,2745 5251,2717
Z 4477,3714 4480,3729 4457,3745 4460,3772 4420,3790 4446,3834 4429,3838 4428,3884 4415,3896 4419,3915 4408,3920 4401,3937 4439,3941 4446,3970 4457,3977 4481,3964
Z 4481,3964 4515,3921 4531,3920 4544,3900 4613,3886 4655,3889 4710,3931 4797,3970 4834,3938 4811,3927 4830,3902 4806,3895 4801,3882 4831,3860 4842,3862 4861,3840 4887,3842
Z 4888,3842 4912,3843 5156,3910
Z 5074,5174 5079,5160 5067,5157 5058,5164 5053,5147 5036,5141 5033,5130 4978,5110 4944,5111 4935,5096 4942,5088 4937,5083 4883,5060 4857,5064 4867,5058 4878,5011 4887,5007 4878,4993 4843,4981 4824,4986 4799,5018 4760,5045 4731,5029 4727,5019 4733,5007 4692,4986 4678,4933 4703,4920 4702,4910 4675,4891 4648,4841 4710,4827 4710,4810 4719,4807 4704,4799 4716,4787 4712,4781 4736,4768 4741,4784 4817,4771 4853,4741 4901,4677 4876,4668 4856,4676 4846,4666 4854,4657 4892,4647 4950,4619 4970,4619 5002,4598 4918,4510 4909,4433 4960,4433 4960,4407 4900,4407 4900,4332 4934,4328 5000,4275 4989,4256 5063,4194 5094,4154 5156,3910
Z 5074,5174 5142,5210 5141,5235 5156,5245 5147,5253 5154,5268 5173,5266 5173,5287 5216,5310 5206,5314 5219,5338 5208,5351 5225,5365 5241,5393 5238,5398 5248,5406 5227,5412 5235,5422 5221,5430 5254,5438 5300,5427 5305,5434 5311,5425 5294,5421 5307,5407 5326,5407 5337,5397 5347,5405 5335,5439 5342,5456 5361,5471 5364,5490 5350,5489 5315,5515 5359,5521 5418,5563 5423,5569 5397,5578 5399,5585 5363,5591 5384,5604 5401,5603 5437,5630 5433,5644 5404,5659 5408,5666 5384,5664 5382,5680 5405,5675 5410,5697 5440,5704 5428,5710 5432,5729 5412,5731 5426,5746 5418,5747 5418,5756 5399,5757 5416,5771 5410,5797 5381,5823 5389,5832 5370,5859 5392,5878 5372,5893 5388,5909 5340,5915 5321,5936 5342,5968 5359,5971 5370,6001 5346,6020 5230,6024 5232,6043 5214,6047 5213,6055 5178,6060 5189,6088 5235,6084 5243,6098 5279,6095 5288,6109 5337,6103 5335,6089 5380,6085 5385,6098 5498,6086 5506,6101 5520,6101 5529,6112 5572,6109 5583,6125 5629,6121 5639,6142 5668,6152 5881,6151 5935,6168 5934,6184 5949,6199 5940,6214 5964,6251 5951,6255 5940,6272 5948,6291 5929,6296 5922,6307 5957,6393 5977,6400 5986,6413 5959,6423 5961,6445 5948,6449 5970,6467 5964,6473 5967,6480 6015,6506 6042,6505 6065,6489 6081,6504 6098,6505 6124,6519 6133,6528 6125,6532 6187,6570 6285,6587 6280,6593 6288,6598 6282,6601 6286,6607 6311,6625 6330,6624 6324,6633 6341,6648 6510,6689 6508,6704 6522,6708 6519,6714 6611,6749 6604,6758 6580,6757 6585,6765 6621,6769 6602,6780 6609,6793 6544,6792 6529,6801 6528,6824 6565,6856 6541,6866 6531,6880 6453,6890 6458,6895 6453,6902 6504,6927 6504,7101 7003,7509 7005,8200
Z 5074,5174 5137,5163 5124,5154 5130,5147 5158,5153 5169,5145 5187,5167 5209,5166 5231,5177 5255,5146 5341,5148 5361,5139 5359,5129 5367,5122 5394,5119 5428,5090 5448,5085 5438,5062 5450,5052 5468,5060 5464,5089 5450,5093 5464,5103 5505,5088 5531,5066 5547,5066 5566,5053 5608,5072 5616,5091 5632,5088 5648,5107 5669,5097 5672,5107 5715,5110 5733,5090 5747,5086 5772,5091 5777,5112 5817,5106 5831,5115 5860,5102 5855,5089 5866,5079 5893,5068 5944,5063 5956,5058 5945,5054 5952,5047 5982,5056 6002,5085 6014,5084 6030,5068 6072,5065 6137,5078 6153,5121 6187,5130 6203,5107 6215,5111 6229,5104 6224,5095 6238,5085 6231,5070 6245,5067 6253,5044 6289,5002 6291,4990 6261,4986 6241,4960 6245,4952 6228,4949 6249,4923 6228,4919 6266,4888 6303,4886 6303,4869 6366,4847 6420,4788 6284,4718 6245,4725 6232,4745 6205,4757 6186,4778 6133,4773 6076,4710 6054,4711 6041,4692 5992,4676 5911,4607 5903,4582 5906,4532 6104,4438 6116,4417 6203,4348 6321,4363 6443,4355 6492,4372 6552,4330 6580,4288 6610,4299 6601,4200 6650,4199 6673,4116 6794,4120 6803,4104 6813,4103 6799,4081 6846,4058 6861,4061 6857,4091 6903,4121 6904,4137 6940,4147 6939,4154 6962,4167 6991,4171 7036,4206 7047,4209 7058,4202 7073,4220 7108,4228 7124,4216 7085,4203 7081,4192 7065,4189 7017,4152 7045,4141 7067,4147 7077,4124 7118,4111 7121,4119 7128,4111 7142,4113 7142,4135 7159,4132 7167,4155 7167,4143 7175,4145 7185,4134 7187,4119 7216,4119 7217,4100 7233,4107 7266,4087 7315,4081 7278,4067 7263,4051 7235,4060 7239,4039 7217,4045 7196,4032 7202,4024 7184,4025 7171,4014 7163,4026 7152,4020 7125,4032 7100,4027 7093,4017 7067,4010 7048,3990 7053,4003 7000,4021 6952,4013 6950,3992 6941,3990 6931,3999 6924,3983 6930,3952 7013,3955 7020,3962 7022,3952 7048,3960 7062,3956 7077,3938 7098,3939 7110,3951 7146,3961 7151,3946 7174,3945 7175,3927 7205,3937 7223,3919 7232,3933 7252,3938 7317,3936 7363,3945
Z 5156,3910 5366,3735 5421,3732 5464,3743 5478,3752 5486,3776 5542,3808 5630,3808 5640,3824 5673,3827 5704,3819 5721,3827 5735,3797 5816,3779 5824,3766 5880,3769 5931,3753 5946,3721 6002,3703 6031,3665 6117,3664 6115,3636 6122,3612 6113,3597 6124,3589 6127,3562
Z 5251,2717 5252,2707
Z 5251,2717 5291,2693 5295,2675 5308,2663 5338,2658 5389,2629 5427,2635 5429,2586 5444,2570 5461,2570 5475,2582 5470,2610 5480,2629 5510,2642 5530,2634 5569,2644 5593,2642 5622,2663 5650,2667 5666,2689 5682,2671 5699,2593 5714,2565 5726,2558 5811,2534 5868,2536 5901,2519 5942,2524 6157,2489
Z 5252,-4497 4894,-4497 4894,-4696 5252,-4696
Z 5252,-4497 5252,-4696
Z 5252,-4497 5252,-1109 5020,-1108 4943,-1028 4872,-1084 4759,-1081 4691,-1065 4626,-1093 4552,-1092 4485,-1045 4485,-794 5252,-795 5252,1063 5586,1063 5586,1361 5252,1361 5252,1617 5317,1645 5280,1727 5272,1730 5198,1900 5498,2000 5564,2198 5519,2270 5511,2262 5256,2294 5158,2410 5160,2447 5225,2474 5252,2463 5252,2705
Z 5252,-4696 5252,-9000
Z 6084,2986 6237,2942 6302,2945
Z 6084,2986 6180,3085 6183,3101 6169,3137 6082,3149 6077,3203 6083,3225 6056,3306 6057,3315 6092,3351 6051,3364 6049,3414 6064,3431 6089,3432 6070,3452 6095,3464 6107,3481 6115,3510 6110,3526 6119,3530 6127,3562
Z 6084,2986 6134,2937 6157,2887 6189,2854 6236,2842 6258,2823 6276,2825 6281,2749 6274,2727 6289,2721 6318,2726 6332,2712 6323,2707 6326,2687 6319,2685 6314,2663 6275,2664 6242,2656 6229,2650 6227,2636 6212,2637 6183,2623 6175,2582 6166,2577 6157,2489
Z 6127,3562 6160,3543 6201,3544 6223,3529 6229,3514 6243,3528 6269,3525 6308,3544 6308,3562 6321,3570 6310,3586 6343,3587 6389,3603 6405,3600 6406,3611 6448,3627 6478,3694 6478,3712 6506,3723 6554,3726 6576,3758 6629,3733 6701,3738 6726,3719 6750,3728 6775,3723 6777,3711 6802,3693 6867,3728 6882,3725 6884,3733 6892,3728 6889,3734 6931,3712 6944,3722 6938,3744 6951,3758 6992,3762 7016,3754 7028,3770 7017,3795 7026,3794 7047,3812 7066,3841 7095,3847 7136,3825 7126,3793 7160,3790 7143,3707 7165,3669 7184,3670 7226,3697 7266,3703 7279,3722 7330,3746 7375,3743 7374,3734 7360,3726 7371,3722 7432,3743 7466,3739 7486,3724
Z 6157,2489 6176,2483 6208,2491 6231,2488 6267,2505 6355,2500 6378,2516 6465,2496 6495,2509 6630,2525 6647,2513 6646,2473 6693,2456 6713,2401 6732,2374 6751,2362
Z 6307,2946 6357,2950 6409,2939 6417,2948 6448,2957 6504,2954 6620,2984 6634,2996 6622,3006 6631,3024 6627,3060 6637,3092 6655,3098 6670,3120 6694,3131 6704,3124 6735,3121 6776,3133 6777,3139 6761,3141 6757,3153 6797,3164 6814,3182 6850,3173 6854,3176 6842,3178 6851,3182 6868,3177 6880,3160 6904,3167 6930,3194
Z 6751,1888 6751,-6761 6494,-6747 6371,-6731 6263,-6743 6203,-6736 6203,-6950 6751,-6950 6751,-9000
Z 6754,9000 6754,8200 7005,8200
Z 6930,3195 6923,3246 6943,3266 6938,3277 6948,3286 6949,3303 6999,3313 7029,3332 7015,3351 7012,3372 7001,3374
Z 6997,3374 6984,3394 6992,3404 7052,3394 7106,3405 7112,3436 7096,3453 7107,3456 7107,3466 7132,3490
Z 7005,8200 7500,8200
Z 7091,-800 7090,-278 7184,-278 7300,-306 7300,-395
Z 7146,3494 7164,3519 7153,3530 7160,3546
Z 7159,3547 7143,3584 7117,3605 7156,3633 7161,3646 7178,3640 7177,3648 7217,3665 7217,3671 7257,3682 7364,3690
Z 7377,3689 7404,3682 7428,3693
Z 7403,3853 7411,3866
Z 7420,4011 7427,4009
Z 7422,3865 7424,3865
Z 7437,3698 7439,3699
Z 7444,3700 7454,3696
Z 7454,3702 7455,3702
Z 7454,3702 7466,3705
Z 7454,3699 7455,3701
Z 7459,3724 7461,3723
Z 7472,3730 7478,3722
Z 7473,4034 7475,4034
Z 7486,4051 7500,4045
Z 7487,3691 7510,3699
Z 7505,8200 8255,8200 8253,9000
Z 7514,4046 7518,4045
Z 7549,3672 7557,3677
Z 7552,4063 7567,4045 7567,4031
Z 7577,4031 7586,4030
Z 7608,4039 7613,4037
Z 7619,3581 7626,3582
Z 7625,4044 7630,4036
Z 7630,3581 7635,3583
Z 7638,3583 7654,3590
Z 7701,4104 7712,4101
Z 7733,4102 7748,4098
Z 7769,3546 7777,3550
Z 7782,3547 7704,3511 7701,3499 7676,3492 7665,3475 7602,3468 7578,3450 7435,3477 7392,3464 7377,3437 7399,3422 7389,3405 7427,3396 7397,3373 7416,3349 7400,3318 7431,3299 7435,3277 7457,3275 7469,3283 7463,3259 7469,3247 7505,3246 7535,3224 7529,3215 7483,3203 7455,3183 7449,3171 7462,3146 7451,3118 7466,3108 7432,3089 7385,3037 7394,3019 7337,2993 7323,2954 7293,2905 7235,2877 7215,2835 7191,2814 7187,2796 7083,2770 7071,2774 7053,2802 7034,2801 6953,2713 6950,2674 6982,2658 7016,2653 7006,2598 7025,2571 7065,2567 7065,2540 7085,2516 7106,2468 7095,2458 7098,2446 7108,2441 7076,2423 7057,2427 7056,2442 7042,2440 7010,2430 6997,2417 6971,2417 6956,2428 6896,2426 6890,2432 6884,2424 6875,2433 6872,2397 6826,2394 6817,2368 6796,2350 6822,2336 6853,2298 6901,2271 6883,2257 6872,2235 6889,2198 6992,2099 7070,2050 7120,2056 7215,2097 7237,2125 7241,2101 7261,2086 7266,2069 7243,1981 7271,1817 7303,1710 7310,1643 7327,1594 7370,1518 7372,1498 7419,1431 7443,1369 7462,1278 7486,1223 7558,1114 7595,1014 7615,928 7636,881 7692,816 7722,794 7753,786 7821,824 7842,884 7851,890 7910,905 7970,886 7973,870 7948,815 7965,679 7991,604 8023,578 8073,574 8163,615 8194,647 8210,705 8202,762 8165,825 8154,859 8094,946 8039,997 8015,1004 8003,1019 8007,1115 7998,1160 8040,1251 8056,1330 8036,1410 8039,1462 8030,1485 8031,1524 8051,1561 8059,1565 8076,1551 8106,1556 8146,1613 8178,1611 8211,1623 8251,1653
Z 7787,4106 7804,4104
Z 7788,3543 7796,3548
Z 7871,3264 7877,3246 7891,3235
Z 7885,3129 7890,3132
Z 7893,7212 7899,7212
Z 7898,3132 7902,3143
Z 7903,3238 7904,3238
Z 7911,7207 7912,7207
Z 7915,7002 7919,7001
Z 7922,3251 7926,3250
Z 7930,7006 7933,7005
Z 7936,7015 7946,7011
Z 7940,7162 7946,7160
Z 7942,3102 7943,3102
Z 7943,6965 7946,6965
Z 7944,7204 7948,7205
Z 7958,3094 7969,3097
Z 7958,7204 7961,7204
Z 7973,7028 7981,7027
Z 7998,6934 8001,6935
Z 8009,3077 8011,3078
Z 8010,6935 8012,6936
Z 8011,7040 8012,7040
Z 8018,7194 8021,7194
Z 8019,7044 8025,7043
Z 8027,4282 8028,4282
Z 8053,3046 8056,3047
Z 8057,7046 8064,7042
Z 8062,4313 8071,4310
Z 8068,7042 8071,7039
Z 8076,7042 8077,7042
Z 8097,6921 8132,6929
Z 8101,3019 8087,3020 8037,2976 8039,2960 8021,2942 8026,2920 8013,2911 8004,2884 8033,2863 8049,2856 8056,2868 8091,2844 8117,2836 8130,2813 8140,2816 8186,2785 8203,2791 8240,2768 8268,2769 8275,2749 8313,2744 8328,2733 8339,2747 8385,2735 8383,2743 8412,2751 8429,2738 8461,2731 8464,2703 8482,2701 8529,2674 8561,2685 8583,2657 8601,2665 8628,2661 8671,2641 8704,2658 8711,2640 8730,2635 8742,2643 8759,2638 8787,2646 8798,2637 8817,2673 8797,2711 8802,2749 8816,2777 8812,2786
Z 8110,3002 8113,3002
Z 8120,3000 8128,3013
Z 8131,3013 8139,3037
Z 8144,6926 8163,6930 8167,6945
Z 8151,3033 8159,3041
Z 8167,4535 8191,4516
Z 8178,6795 8185,6794
Z 8178,3036 8182,3037
Z 8198,3033 8201,3034
Z 8199,6796 8206,6795
Z 8201,6775 8202,6775
Z 8218,3006 8219,3006
Z 8219,6729 8224,6728
Z 8223,6731 8226,6731
Z 8225,4523 8243,4514
Z 8226,6916 8237,6917
Z 8228,6755 8233,6756
Z 8242,6819 8250,6817
Z 8251,1653 8251,-9000
Z 8251,1653 8260,1702 8336,1743 8374,1786 8424,1814 8511,1914 8547,1940 8643,1975 8694,2020 8719,2054 8720,2084 8707,2114 8722,2132 8787,2151 8823,2135 8849,2132 8892,2133 8927,2144 8904,2179 8908,2218 8893,2255 8894,2285 8884,2298 8896,2320 8870,2325 8877,2349 8854,2364 8858,2386 8871,2393 8868,2415 8874,2429 8848,2432 8811,2450 8802,2465 8811,2492 8832,2487 8844,2519 8892,2517 8898,2528 8884,2533 8877,2550 8853,2550 8826,2579 8809,2583 8816,2614 8850,2635 8846,2645 8832,2647 8839,2662 8866,2642 8871,2633 8866,2626 8902,2623 8889,2639 8894,2644 8904,2638 8912,2615 8934,2600 8954,2596 8961,2607 8956,2614 8965,2622 8983,2598 8982,2528 9036,2515 9124,2520 9164,2512 9203,2518 9248,2493 9238,2484 9222,2489 9211,2441 9190,2434 9188,2416 9173,2423 9170,2414 9163,2422 9158,2410 9136,2410 9113,2372 9131,2310 9137,2306 9139,2326 9159,2294 9180,2309 9174,2327 9194,2350 9192,2372 9202,2364 9215,2373 9219,2365 9226,2371 9236,2293 9250,2270 9258,2198
Z 8254,6861 8258,6861
Z 8264,2983 8265,2983
Z 8273,6879 8277,6880
Z 8284,2966 8288,2968
Z 8307,2958 8313,2962
Z 8310,4722 8353,4707
Z 8359,6578 8374,6580
Z 8364,2915 8372,2923
Z 8377,2923 8393,2929
Z 8398,2926 8399,2927
Z 8404,2925 8405,2925
Z 8426,6086 8399,6083 8350,6105 8314,6103 8241,6072 8238,6061 8217,6053 8183,6064 8114,6064 8103,6075 8072,6080 8019,6066 7937,6066 7929,6072 7931,6080 7919,6084 7792,6075 7712,6086 7707,6073 7697,6071 7703,6054 7678,6045 7675,6035 7685,6027 7669,6011 7676,6007 7674,5976 7665,5959 7617,5954 7590,5943 7582,5929 7563,5924 7564,5898 7488,5843 7421,5813 7309,5815 7286,5801 7215,5803 7199,5812 7125,5808 7130,5839 7108,5852 7086,5853 7038,5792 7043,5778 7057,5770 7058,5758 7069,5757 7043,5738 7065,5726 7061,5720 7078,5721 7080,5732 7110,5734 7114,5726 7109,5722 7162,5695 7167,5684 7136,5667 7106,5670 7105,5654 7078,5647 7094,5640 7077,5629 7091,5611 7080,5592 7048,5589 7077,5584 7059,5580 7055,5568 7075,5559 7049,5544 7044,5528 7082,5529 7079,5523 7098,5508 7101,5477 7125,5468 7114,5456 7119,5432 7097,5431 7116,5410 7132,5420 7165,5411 7176,5425 7216,5413 7219,5418 7207,5422 7204,5438 7232,5425 7230,5418 7248,5414 7236,5409 7239,5391 7270,5396 7266,5404 7250,5405 7262,5413 7294,5412 7306,5398 7336,5394 7352,5396 7360,5407 7374,5406 7368,5387 7343,5387 7323,5366 7323,5357 7339,5352 7335,5346 7341,5343 7365,5361 7390,5364 7422,5359 7439,5346 7444,5367 7462,5368 7477,5383 7503,5381 7543,5399 7536,5406 7543,5409 7618,5425 7623,5435 7648,5432 7690,5446 7675,5438 7684,5430 7666,5413 7638,5415 7650,5399 7787,5327 7904,5199 8002,5077 8009,5075 8002,5084 8014,5082 8044,5096 8042,5119 8060,5121 8068,5130 8115,5119 8105,5096 8140,5096 8146,5073 8174,5078 8248,5071 8267,5079 8273,5090 8298,5088 8311,5099 8343,5099 8395,5078 8420,5051 8425,5026 8499,5007 8503,5000 8495,4991 8506,4987 8522,4960 8561,4962 8618,4946 8661,4980 8675,4978 8678,4970 8660,4957 8682,4951 8691,4934 8727,4921 8732,4909
Z 8441,4699 8448,4698
Z 8462,4699 8475,4692 8472,4682
Z 8492,2854 8503,2863
Z 8509,6361 8514,6360
Z 8514,2829 8516,2830
Z 8516,6475 8554,6483
Z 8520,6351 8521,6351
Z 8526,2827 8530,2828
Z 8527,6168 8536,6170
Z 8536,2826 8542,2830
Z 8542,6335 8545,6337
Z 8548,2828 8550,2828
Z 8560,2825 8568,2833
Z 8573,6157 8584,6159
Z 8605,2789 8611,2793 8607,2808
Z 8634,2794 8635,2794
Z 8643,2791 8655,2810
Z 8661,2808 8665,2810
Z 8689,4911 8695,4909
Z 8694,2794 8698,2795
Z 8712,4913 8720,4911
Z 8729,2782 8734,2785
Z 8732,4909 8736,4908
Z 8737,2780 8752,2784
Z 8759,2780 8762,2782
Z 8770,2781 8783,2791
Z 8782,4917 8787,4897 8774,4889 8784,4878
Z 8786,5177 8790,5179
Z 8793,5148 8796,5149
Z 8795,4876 8806,4871 8794,4860 8802,4854
Z 8798,2788 8802,2789
Z 8799,5176 8809,5178
Z 8805,4854 8817,4849
Z 8812,2795 8812,2786
Z 8812,5210 8820,5206
Z 8816,2795 8846,2803
Z 8822,4850 8842,4839
Z 8848,4840 8864,4818
Z 8850,2803 8855,2808
Z 8851,5132 8867,5142 8866,5153
Z 8857,5429 8882,5441
Z 8863,5708 8871,5709
Z 8867,5487 8873,5490
Z 8868,4817 8881,4811
Z 8880,5335 8888,5339
Z 8889,4811 8917,4798
Z 8889,2732 8873,2715 8883,2710 8885,2695 8891,2698 8913,2681 8955,2680 8961,2671 9009,2674 9035,2690 9072,2677 9130,2677 9142,2687 9152,2680 9183,2686 9188,2680 9189,2688 9207,2689 9199,2712 9209,2729 9198,2747 9175,2742 9160,2753 9163,2776
Z 8889,2732 8946,2805 8986,2830
Z 8901,5429 8913,5435
Z 8912,5286 8915,5287
Z 8916,5762 8921,5760
Z 8936,4804 8941,4802
Z 8941,5019 8944,5021
Z 8952,5047 8961,5039
Z 8954,4803 8975,4782
Z 8963,4991 8997,4997 9002,5007 9048,5021
Z 8990,2829 8997,2832
Z 8996,4789 9006,4787 9012,4773 9035,4766 9047,4731 9074,4699
Z 9044,2807 9048,2807
Z 9058,2807 9065,2809
Z 9061,5021 9098,5041 9116,5043
Z 9081,4699 9093,4687 9105,4657 9090,4630 9100,4602 9071,4575 9065,4549 9087,4519
Z 9101,4522 9125,4513
Z 9105,2796 9120,2807
Z 9125,2807 9127,2807
Z 9138,5045 9183,5070
Z 9144,4515 9152,4508
Z 9187,2773 9191,2773
Z 9195,2772 9211,2781
Z 9201,4508 9219,4501
Z 9206,5069 9224,5072 9234,5086
Z 9221,2781 9223,2785
Z 9229,4502 9233,4501
Z 9230,2779 9232,2780
Z 9235,2780 9238,2784
Z 9240,4501 9246,4500
Z 9243,2782 9266,2794 9270,2804 9264,2807 9277,2819
Z 9258,2198 9268,2215 9288,2196 9297,2199 9302,2220 9314,2219 9317,2226 9308,2277 9318,2288 9315,2305 9327,2301 9337,2313 9343,2365 9332,2408 9346,2396 9371,2401 9413,2386 9430,2433 9471,2503 9469,2514 9455,2520 9461,2539 9501,2574 9500,2592 9515,2605 9504,2629 9512,2661 9541,2670 9614,2726 9671,2736 9687,2717 9712,2709 9688,2744 9686,2760 9722,2790 9733,2789 9732,2822
Z 9258,2198 9264,2130 9257,2125 9252,2136 9235,2145 9224,2142 9217,2118 9235,2073 9216,2062 9272,1995 9287,1967 9335,1960 9326,1938 9338,1909 9326,1891 9340,1862 9355,1848 9372,1846 9398,1861 9423,1805 9434,1745 9403,1646 9399,1603 9407,1586 9435,1563 9455,1567 9488,1556 9544,1552 9572,1567 9596,1599 9707,1663 9749,1578 9743,1555 9752,1527 9752,1206 9730,1196 9723,1180 9733,1162 9752,1159 9752,962
Z 9265,5067 9280,5079
Z 9273,431 9240,403 9199,402 9200,1459 9313,1382 9368,1357 9383,1380
Z 9281,2818 9309,2837 9321,2863 9329,2865
Z 9285,4504 9295,4501
Z 9301,4501 9303,4501
Z 9311,5060 9319,5060
Z 9335,2865 9345,2867
Z 9357,4658 9359,4658
Z 9361,2867 9366,2869
Z 9371,2869 9394,2884
Z 9398,2884 9402,2897
Z 9410,2897 9424,2913
Z 9417,600 9463,664 9464,1380
Z 9417,4880 9446,4873
Z 9432,2915 9460,2932
Z 9462,4872 9470,4869
Z 9463,5002 9475,5004
Z 9480,2917 9482,2917
Z 9497,2915 9499,2912
Z 9538,2903 9547,2912
Z 9551,2913 9552,2921 9567,2930
Z 9569,2930 9585,2939
Z 9580,5442 9567,5434 9567,5424 9600,5409
Z 9590,5439 9607,5457
Z 9591,2939 9602,2945
Z 9603,5409 9605,5400 9657,5365
Z 9616,2890 9648,2906
Z 9621,5454 9632,5457
Z 9624,2924 9632,2928
Z 9638,2835 9658,2846
Z 9655,5451 9657,5470 9671,5492 9659,5502 9668,5508 9671,5526 9692,5533 9676,5575 9696,5586 9699,5602 9713,5610
Z 9660,5367 9665,5364
Z 9678,2836 9679,2836
Z 9688,5373 9712,5362
Z 9697,2833 9703,2836
Z 9719,5362 9728,5359
Z 9732,2822 9739,2828
Z 9733,5360 9746,5346
Z 9735,5605 9758,5620 9757,5638 9788,5641 9788,5654 9775,5656 9778,5678 9768,5681
Z 9742,2829 9753,2853
Z 9749,5346 9762,5337
Z 9750,8154 9752,9000
Z 9751,-9000 9751,-1282
Z 9751,-1282 9621,-1282 9621,-1126 9751,-1126
Z 9751,-1282 9751,-1126
Z 9751,-1126 9752,47 9746,63 9727,61 9714,72 9713,105 9690,127 9688,150 9662,186 9644,196 9638,212 9569,247 9548,282 9568,312 9599,309 9657,266 9668,239 9685,225 9704,242 9743,246 9745,262 9679,346 9633,363 9541,450 9510,501 9500,522 9501,542 9481,574 9487,590 9521,612 9549,604 9564,585 9594,572 9618,549 9657,542 9688,549 9752,546 9752,845 9742,864 9752,883 9752,962
Z 9752,962 9806,949 9820,953 9832,984 9844,996 9857,998 9871,1023 9877,1069 9921,1111 9945,1161 9954,1164 9963,1182 9952,1203 9954,1214 9945,1213 9940,1258 9922,1272 9909,1304 9910,1317 9919,1323 9909,1387 9894,1409 9855,1438 9824,1481 9816,1511 9828,1529 9839,1526 9840,1536 9856,1536 9855,1605 9881,1611 9890,1638 9884,1647 9866,1629 9846,1672 9851,1689 9776,1769 9768,1783 9775,1797 9764,1831 9749,1829 9735,1855 9751,1849 9775,1857 9766,1893 9781,1911 9777,1940 9785,1957 9801,1964 9802,1980 9824,1966 9853,1968 9881,1981 9890,1975 9900,1982 9907,2010 9930,2006 9951,2015 9942,2038 9965,2031 9994,2045 10010,2032 10022,2071 10036,2083 10065,2088 10052,2091 10073,2131 10085,2131 10116,2155
Z 9752,2443 9760,2444
Z 9755,5679 9748,5688 9762,5695 9735,5705 9793,5781
Z 9761,2848 9764,2850
Z 9763,2385 9811,2410
Z 9770,5338 9790,5335
Z 9782,2526 9788,2521
Z 9796,5336 9804,5325
Z 9809,5325 9821,5323
Z 9815,2561 9828,2555
Z 9828,5323 9835,5309
Z 9833,2752 9840,2768
Z 9833,2410 9840,2413
Z 9853,2584 9860,2580
Z 9858,2759 9864,2761
Z 9859,2408 9886,2414
Z 9862,2615 9863,2611
Z 9863,5778 9873,5779
Z 9865,5226 9863,5242 9873,5251
Z 9869,5316 9870,5315
Z 9872,5229 9882,5219
Z 9877,5250 9888,5265
Z 9881,2347 9883,2348
Z 9887,5279 9895,5293
Z 9889,5772 9909,5777
Z 9890,5220 9900,5206 9971,5188 9992,5175
Z 9891,5265 9892,5280
Z 9893,5315 9907,5310 9899,5303 9925,5295 9920,5285
Z 9919,5776 9931,5780
Z 9923,2306 9932,2313
Z 9933,2210 9943,2212
Z 9941,5780 9964,5805
Z 9943,2294 9949,2291
Z 9946,631 9956,650 9971,647 9980,653 10005,638 10013,644
Z 9968,2204 9970,2206
Z 9981,5806 9985,5807
Z 9981,595 10004,610
Z 9982,2202 9985,2206
Z 10019,671 10023,669
Z 10019,2143 10034,2153
Z 10025,670 10043,651
Z 10045,652 10063,644
Z 10046,2146 10048,2146
Z 10051,5173 10132,5146
Z 10055,2145 10107,2176
Z 10073,649 10075,645
Z 10075,5740 10085,5746
Z 10076,645 10083,624
Z 10081,5788 10089,5777 10080,5767 10096,5756 10091,5745
Z 10086,625 10091,624
Z 10091,5787 10114,5799 10112,5812 10130,5822
Z 10097,627 10102,624
Z 10101,573 10097,579 10108,594 10107,625
Z 10103,573 10112,563
Z 10128,2117 10150,2124
Z 10148,5822 10177,5845
Z 10153,5148 10157,5147
Z 10156,591 10169,576
Z 10156,2228 10156,2209 10180,2163 10172,2132 10180,2120
Z 10159,2227 10175,2250
Z 10160,2117 10164,2119
Z 10170,5145 10180,5142
Z 10172,2113 10177,2121
Z 10173,579 10178,574
Z 10179,5845 10219,5852 10251,5872 10254,5890 10244,5894 10241,5907 10259,5920
Z 10187,2238 10200,2245
Z 10190,5142 10219,5131 10215,5110 10223,5098 10222,5080 10233,5072 10230,5056 10293,5030
Z 10207,626 11250,626
Z 10210,2240 10217,2243
Z 10222,2241 10237,2268
Z 10238,2268 10247,2277
Z 10256,2269 10259,2272
Z 10276,5920 10300,5932
Z 10303,2243 10332,2279
Z 10311,5926 10321,5928
Z 10313,5031 10328,5020
Z 10330,127 10353,113 10361,121 10374,113 10403,127 10428,126 10502,189 10502,238 10486,292 10481,342 10481,501 10991,501 10991,300
Z 10341,5020 10360,5013
Z 10350,2258 10365,2280
Z 10361,5891 10365,5892
Z 10379,5019 10397,5015
Z 10384,5889 10388,5890
Z 10393,5873 10404,5877
Z 10396,2251 10407,2277 10421,2282
Z 10434,2269 10455,2284
Z 10446,5860 10452,5863
Z 10458,5862 10487,5871 10476,5882 10484,5889 10535,5910 10530,5926 10519,5931 10524,5936 10516,5947
Z 10459,2281 10461,2282
Z 10463,6108 10457,6094 10463,6089 10446,6084 10460,6075 10452,6063 10466,6041 10500,6028
Z 10466,2281 10482,2292 10480,2309 10488,2317
Z 10469,6108 10483,6117
Z 10489,5975 10480,5964 10499,5946
Z 10494,2315 10516,2327
Z 10496,6140 10479,6134 10493,6132 10499,6117
Z 10499,5976 10512,5985
Z 10507,5946 10510,5946
Z 10508,6029 10515,6028
Z 10518,6141 10570,6165
Z 10519,2325 10529,2337
Z 10530,6030 10538,6025
Z 10538,5982 10549,5985 10543,5990 10549,6000 10544,6027
Z 10540,2327 10541,2328
Z 10567,2304 10569,2304
Z 10571,6694 10554,6702 10597,6706 10606,6717 10650,6729
Z 10573,6467 10583,6448
Z 10578,5043 10622,5029
Z 10580,6162 10595,6169 10590,6183 10640,6203 10644,6224
Z 10581,6695 10606,6690 10604,6679
Z 10583,6464 10591,6482
Z 10585,2290 10589,2293
Z 10589,6449 10594,6449
Z 10591,2292 10608,2298
Z 10596,6481 10601,6482 10595,6489 10603,6491
Z 10603,6451 10617,6440
Z 10615,6681 10632,6648 10610,6637 10612,6619 10624,6615
Z 10620,6485 10598,6502 10643,6522
Z 10628,2285 10649,2293
Z 10633,6615 10648,6596 10642,6567 10696,6550 10680,6537
Z 10640,6224 10633,6227 10641,6232
Z 10645,6239 10646,6232
Z 10645,6333 10637,6326 10640,6311 10612,6306 10622,6290 10644,6284 10651,6268 10680,6260 10652,6237
Z 10646,6957 10614,6940 10689,6886 10688,6784 10680,6735 10666,6724
Z 10650,6520 10643,6530 10662,6539
Z 10655,5034 10679,5029 10719,5001
Z 10660,6451 10675,6442
Z 10661,6952 10781,6968
Z 10661,2261 10665,2257
Z 10663,2285 10666,2287
Z 10666,6330 10673,6337 10651,6350 10669,6362 10663,6370 10679,6384 10668,6393 10674,6400
Z 10667,2196 10673,2201
Z 10674,6538 10676,6538
Z 10675,2280 10677,2280
Z 10675,6442 10677,6441
Z 10680,2197 10684,2197
Z 10688,6441 10734,6425
Z 10692,2192 10697,2194
Z 10707,6389 10720,6396
Z 10721,2171 10727,2172
Z 10731,5001 10774,4997
Z 10735,2160 10743,2165
Z 10741,6386 10746,6387
Z 10750,2158 10755,2161
Z 10755,6386 10777,6401
Z 10757,6430 10797,6417
Z 10759,2161 10776,2166
Z 10774,4997 10777,5015 10793,5021 10799,5033 10868,5049 10807,5075 10825,5084 10834,5105 10857,5111 10835,5127 10859,5151 10894,5144 10907,5151 10937,5135 11005,5162 11068,5150 11106,5179 11159,5193 11207,5228 11241,5221 11254,5235 11293,5234 11327,5248 11358,5245 11410,5270 11424,5283 11423,5296 11431,5297 11433,5307 11413,5308 11420,5319 11398,5324 11395,5335 11384,5338 11389,5354 11381,5365 11496,5402 11563,5444 11672,5457 11693,5483 11689,5498 11678,5514 11647,5526 11639,5540 11594,5541 11591,5567 11584,5570 11590,5595 11576,5608 11584,5618 11569,5633 11569,5644 11580,5647 11568,5653 11569,5660 11543,5669 11559,5675 11559,5690 11571,5696 11612,5681 11636,5685 11680,5672 11713,5680 11733,5694 11741,5683 11757,5685 11769,5701 11760,5715 11779,5729 11743,5725 11744,5733 11737,5733 11725,5751 11729,5761 11714,5764 11717,5774 11709,5780 11741,5791 11741,5813 11759,5818 11748,5831 11768,5840 11816,5839 11866,5817 11911,5822 11907,5836 11913,5846 11878,5860 11889,5880 11879,5890 11885,5901 11871,5906 11869,5919 11885,5929 11875,5941 11828,5961 11806,5958 11788,5944 11776,5954 11760,5947 11723,5953 11709,5959 11720,5966 11723,5982 11706,5991 11730,6002 11705,6004 11698,6015 11660,6035 11569,6053 11524,6045 11482,6019 11470,6022 11454,6011 11457,6000 11417,5975 11359,5957 11360,5950 11342,5938 11346,5926 11326,5916 11257,5907 11262,5896 11250,5887 11245,5913 11263,5931 11229,5930 11233,5942 11227,5950 11194,5927 11164,5921 11147,5927 11118,5919 11070,5926 11053,5906 11028,5898 10982,5898 10964,5906 10951,5929 10926,5932 10935,5941 10927,5946 10952,5964 10950,5976 10976,6003 10969,6011 10973,6023 11012,6059 11005,6067 11027,6070 11024,6082 11046,6099 11051,6114 11019,6116 11008,6127 10979,6133 10987,6153 10962,6172 10960,6187 11000,6216 10994,6224 11000,6228 10991,6241 10949,6241 10927,6252 10965,6283 10947,6293 10945,6322 10936,6335 10904,6355 10812,6358 10827,6367 10830,6381 10865,6379 10877,6386 10869,6391 10873,6398 10850,6412 10853,6424 10836,6430 10822,6425
Z 10774,4997 10781,4994
Z 10784,4995 10796,4992 10796,4966
Z 10786,6398 10791,6400
Z 10789,6968 10829,6986
Z 10799,2149 10810,2147 10816,2125 10882,2140 10895,2123 10889,2094 10908,2081 10931,2093 10930,2122 10946,2124 10945,2085 10969,2024 10914,2008 10887,1975 10850,1949 10840,1927 10840,1883 10847,1847 10857,1833 10909,1809 10961,1796 11020,1823 11032,1843 11060,1854 11085,1920 11122,1968 11112,2012 11074,2039 11070,2068 11084,2086 11086,2115 11111,2125 11189,2136 11223,2150 11250,2139 11251,1471
Z 10800,4966 10861,4932
Z 10812,6398 10817,6400
Z 10814,6426 10822,6425
Z 10822,6425 10832,6404 10825,6399
Z 10860,6984 10887,6984
Z 10875,4934 10886,4934
Z 10893,4935 10903,4933
Z 10913,6977 10936,6984 10951,7003 10935,7007 10928,7021 10954,7026 10960,7038 10984,7041
Z 10916,4935 10941,4930
Z 10945,4931 10952,4926
Z 10973,4927 11018,4916
Z 10978,146 10980,147
Z 10986,140 10988,140
Z 10988,7040 11000,7042
Z 11006,7041 11014,7042
Z 11007,7056 11024,7042
Z 11012,-6734 11011,-6654 11023,-6646 11009,-6630 11020,-6619 11072,-6592 11250,-6569
Z 11013,7055 11010,7063 11060,7080
Z 11027,99 11030,100
Z 11037,4924 11069,4913
Z 11055,85 11061,89
Z 11063,7080 11073,7081
Z 11066,87 11071,90
Z 11072,90 11076,91
Z 11078,90 11088,101 11120,108
Z 11080,7080 11134,7086 11208,7106
Z 11086,7357 11054,7341 11016,7339 11054,7332 11059,7326 11040,7319 11077,7317 11090,7305 11075,7300 11084,7295 11063,7289 11070,7283 11061,7279 11068,7266 11093,7257
Z 11099,7357 11113,7363 11091,7369 11088,7377 11164,7394 11168,7407 11134,7428 11139,7443 11265,7477 11450,7500 11450,7800 12050,7800 12753,8000
Z 11099,7258 11130,7250 11106,7238 11142,7231
Z 11136,4937 11146,4934
Z 11140,101 11146,102
Z 11150,96 11164,103
Z 11154,7232 11182,7213
Z 11176,99 11197,113
Z 11200,7213 11200,7141 11250,7127
Z 11205,113 11216,143 11247,157
Z 11222,7100 11240,7106
Z 11245,7106 11270,7122 11262,7129
Z 11247,4953 11270,4949
Z 11250,-964 11470,-964
Z 11280,154 11286,158
Z 11291,157 11296,157
Z 11297,142 11305,143
Z 11344,129 11350,131
Z 11363,123 11389,143 11409,147
Z 11369,-521 11632,-521
Z 11377,5008 11382,5008
Z 11378,56 11405,65
Z 11387,90 11391,91
Z 11410,65 11414,65
Z 11417,142 11420,143
Z 11429,5028 11447,5023
Z 11438,59 11495,74
Z 11466,5025 11500,5014 11539,4989
Z 11500,-18 11521,2
Z 11523,2 11528,3
Z 11545,4989 11551,4989
Z 11558,4989 11568,4988
Z 11567,-136 11571,-143
Z 11575,-111 11581,-109
Z 11577,-755 11632,-755
Z 11614,5001 11658,4992 11706,4967 11777,4951
Z 11780,4952 11784,4951
Z 11823,4973 11824,4973
Z 11867,4996 11871,4995
Z 11892,4999 11899,4998
Z 11917,5041 11920,5041
Z 11919,5035 11921,5036
Z 11925,5034 11931,5035
Z 11977,5122 11980,5121
Z 12012,5167 12015,5166
Z 12018,5258 12045,5264
Z 12050,5188 12051,5188
Z 12058,5191 12063,5191
Z 12106,5329 12115,5327
Z 12136,5332 12141,5332
Z 12189,5343 12208,5343
Z 12232,5350 12240,5345
Z 12328,5357 12348,5352
Z 12351,5356 12354,5351
Z 12361,5356 12412,5335
Z 12420,3967 12451,3927 12478,3924 12498,3937 12513,3934 12490,3883 12457,3860 12463,3835 12445,3820 12438,3798 12449,3769 12471,3759 12490,3763 12567,3743 12585,3747 12594,3760 12611,3750 12573,3710 12592,3686 12586,3659 12612,3640 12592,3635 12576,3607 12599,3593 12626,3613 12632,3601 12616,3591 12617,3578 12606,3569 12603,3553 12581,3542 12585,3522 12573,3490 12515,3489 12502,3481 12496,3465 12508,3451 12512,3428 12490,3420 12490,3397 12505,3387 12523,3387 12536,3400 12529,3421 12547,3426 12551,3446 12562,3452 12580,3442 12569,3430 12571,3416 12587,3406 12613,3406 12610,3391 12619,3380 12618,3360 12595,3335 12597,3317 12610,3304 12628,3300 12702,3319 12717,3342 12715,3361 12730,3382 12751,3392 12751,2681 12714,2679 12699,2654 12658,2655 12648,2633 12331,2632 12331,2524 12290,2523 12275,2512 12253,2481 12239,2441 12242,2389 12252,2365 12271,2357 12751,2355 12751,344 12430,-120 12430,-307 12534,-823 12531,-841 12482,-871 12389,-909 12406,-940 12421,-938 12426,-950 12443,-929 12444,-897 12483,-876 12495,-908
Z 12421,5338 12438,5325 12475,5315
Z 12437,4000 12437,4010 12490,4048
Z 12480,5316 12487,5311
Z 12496,4045 12499,4046
Z 12501,4046 12503,4053 12531,4065
Z 12501,-919 12497,-929 12520,-965 12751,-1100 12751,-1376 12811,-1439 12841,-1458
Z 12507,5321 12552,5304
Z 12507,-921 12512,-919
Z 12509,-899 12516,-906 12514,-919
Z 12534,4064 12536,4065
Z 12541,4063 12543,4067
Z 12544,4067 12557,4078
Z 12561,4076 12577,4089
Z 12562,5306 12573,5298 12567,5288
Z 12582,4087 12590,4090
Z 12584,5291 12599,5276
Z 12594,4088 12600,4091
Z 12598,4091 12647,4137
Z 12603,5257 12597,5263 12607,5268 12607,5278
Z 12607,5260 12622,5246
Z 12625,5247 12635,5238 12632,5232 12644,5228 12632,5220 12656,5213 12644,5200 12673,5171 12668,5158 12691,5139 12682,5132 12685,5125
Z 12649,4134 12663,4167
Z 12667,4167 12671,4174
Z 12679,4170 12693,4180
Z 12695,4177 12696,4177
Z 12695,5133 12693,5106 12736,5061 12729,5047 12736,5042 12733,5033 12759,5021 12749,5003 12751,4982 12791,4958
Z 12703,4173 12704,4173
Z 12706,4168 12708,4168
Z 12714,4152 12716,4153
Z 12718,4152 12721,4155
Z 12726,4153 12728,4153
Z 12734,4149 12738,4150
Z 12743,4148 12747,4150
Z 12750,9000 12752,8490
Z 12751,-9000 12751,-3239
Z 12753,4148 12754,4149
Z 12753,8000 14252,8000 14252,9000
Z 12764,4143 12766,4145
Z 12778,4144 12781,4144
Z 12785,4143 12794,4147
Z 12797,4960 12820,4954
Z 12797,4145 12800,4147
Z 12802,4141 12805,4142
Z 12807,4139 12810,4140
Z 12815,4138 12830,4158 12802,4198 12826,4203
Z 12827,4956 12832,4954
Z 12841,4201 12845,4201
Z 12850,4200 12854,4201
Z 12855,4959 12863,4958
Z 12856,-1456 12900,-1466
Z 12856,4200 12861,4203
Z 12867,4961 12880,4957 12879,4947
Z 12868,4203 12872,4205
Z 12885,4948 12912,4935
Z 12890,4203 12907,4215
Z 12900,-3187 12994,-3176 13082,-3178 13118,-3166 13215,-3219 13252,-3220 13268,-3212 13308,-3236 13366,-3247 13369,-3264 13387,-3273 13388,-3299 13419,-3332 13431,-3387 13496,-3471 13532,-3486 13658,-3618 13748,-3625 13782,-3604 13817,-3605 13834,-3583 13884,-3574 13927,-3603 13961,-3657 13965,-3676 13947,-3697 13968,-3744 14027,-3805 14061,-3822 14098,-3824
Z 12900,-1466 12901,-2669
Z 12900,-1466 12934,-1466 12915,-1441 12931,-1395 12953,-1378 12974,-1331 12993,-1324 12993,-1289 13014,-1270 13018,-1252 13045,-1224 13080,-1214 13069,-1202 13001,-1202 12983,-1185 13000,-1134 13030,-1098 13049,-1097 13075,-1115 13127,-1099 13161,-1116 13191,-1094 13226,-1093 13257,-1077 13290,-1077 13319,-1095 13323,-1112 13312,-1127 13323,-1137 13353,-1127 13368,-1137 13372,-1153 13400,-1154 13447,-1185 13469,-1175 13494,-1176 13498,-1155 13522,-1149 13536,-1160 13534,-1189 13564,-1173 13603,-1135 13631,-1134 13657,-1091 13683,-1082 13699,-1102 13680,-1145 13694,-1147 13705,-1165 13689,-1188 13700,-1195 13719,-1238 13683,-1285 13683,-1313 13643,-1350 13700,-1341 13712,-1348 13717,-1360 13706,-1396 13717,-1409 13717,-1430 13703,-1447 13665,-1449 13628,-1443 13611,-1423 13574,-1463 13595,-1476 13595,-1500 13606,-1509 13643,-1535 13701,-1534 13723,-1554 13734,-1584 13783,-1608 13800,-1627
Z 12911,4214 12921,4223 12919,4232
Z 12922,4939 12934,4934
Z 12923,4232 12933,4243
Z 12934,4241 12935,4245
Z 12939,4243 12943,4244
Z 12940,4943 12962,4927
Z 12954,4237 12959,4245
Z 12967,4928 12993,4903 13025,4886
Z 12967,4244 12992,4301
Z 13001,4296 13012,4298
Z 13014,4291 13019,4291
Z 13040,4260 13041,4260
Z 13044,4268 13041,4274 13065,4283
Z 13044,4890 13054,4885
Z 13045,4255 13050,4261
Z 13048,4268 13059,4260 13053,4253
Z 13053,4253 13070,4229 13098,4230 13106,4240 13126,4239 13157,4250 13168,4270 13206,4282 13227,4258 13261,4265 13324,4252 13406,4274 13527,4337 13562,4367 13607,4426 13635,4440 13703,4511 13789,4572 13857,4650 13878,4696 13917,4724 13949,4773 14039,4840 14043,4870 14060,4891 14061,4917 14086,4954 14082,4988 14100,5006 14085,5029 14082,5071 14099,5090 14102,5116 14118,5130 14123,5147 14147,5163 14182,5142 14203,5110 14189,5092 14180,5057 14193,5012 14191,4957 14177,4902 14162,4876 14190,4830 14193,4806 14173,4758 14182,4708 14162,4665 14100,4631 14111,4584 14149,4585 14252,4562 14252,4531 14297,4485 14357,4444 14436,4425 14456,4409 14470,4409 14525,4450 14545,4449 14560,4425 14524,4378 14554,4351 14569,4355 14584,4342 14591,4322
Z 13063,4887 13083,4898 13098,4897 13116,4924 13140,4924 13150,4942 13150,4961 13135,4970 13148,4974 13150,4991 13130,4998 13144,5019 13130,5037 13117,5033 13112,5043 13092,5039 13087,5048 13101,5057 13093,5067 13076,5067 13073,5060 13065,5066 13084,5088 13078,5099 13093,5103 13106,5124 13133,5138 13150,5135 13141,5168 13228,5179 13243,5186 13240,5196 13252,5195 13258,5207 13283,5218 13334,5220 13344,5228 13325,5245 13324,5263 13332,5268 13387,5252 13463,5243 13464,5256 13478,5265 13466,5272 13471,5276 13463,5280 13466,5294 13487,5308 13486,5318 13496,5325 13481,5334 13492,5343 13456,5362 13443,5352 13401,5343 13357,5355 13322,5343 13315,5329 13210,5322 13189,5313 13185,5323 13145,5322 13153,5331 13142,5375 13110,5381 13092,5377 13039,5392 13051,5412 13074,5428 13111,5432 13120,5461 13198,5489 13196,5499 13206,5504 13239,5506 13235,5519 13261,5520 13268,5537 13295,5537 13263,5550 13266,5556 13253,5568 13110,5562 13092,5568 13087,5583 13116,5645 13131,5650 13139,5642 13150,5655 13170,5646 13167,5665 13180,5672 13175,5684 13144,5704 13148,5708 13119,5713 13110,5723 13126,5730 13151,5725 13160,5730 13159,5743 13174,5751 13169,5756 13197,5758 13205,5766 13146,5816 13171,5817 13212,5805 13201,5811 13202,5820 13219,5824 13212,5849 13242,5848 13237,5852 13257,5865 13252,5878 13260,5889
Z 13064,4848 13053,4862 13065,4888
Z 13072,4850 13082,4829 13068,4806 13091,4788 13094,4772 13108,4768
Z 13074,4282 13079,4287
Z 13099,4285 13104,4290
Z 13107,4290 13128,4339 13116,4353 13127,4405 13107,4468 13093,4482 13111,4492
Z 13116,4490 13135,4497
Z 13139,6768 13166,6766
Z 13142,4774 13160,4766
Z 13142,4496 13167,4521
Z 13170,4770 13178,4768
Z 13171,4521 13185,4534
Z 13184,4768 13191,4767
Z 13187,7300 14687,7300
Z 13203,4770 13212,4769
Z 13233,4774 13248,4771
Z 13252,6914 13269,6912
Z 13254,7034 13284,7034
Z 13262,5889 13281,5888 13284,5911 13354,5929 13363,5923 13405,5926 13452,5915 13472,5921 13485,5913 13519,5912 13542,5939 13576,5953 13676,5935 13747,5956 13745,5964 13762,5974 13800,5980 13803,5969 13827,5972 13817,5983 13827,5996 13820,6024 13833,6039 13824,6049 13844,6068 13818,6089 13835,6100 13829,6111 13870,6119 13864,6127 13873,6134 13892,6132 13910,6145 13955,6148 13995,6183 13999,6198 14029,6206 14035,6239 14011,6259 13989,6262 13968,6284 13965,6301 13979,6330 14064,6359 14048,6380 14068,6409 14022,6423 14029,6443 14040,6449 14033,6459 13940,6492 13978,6536 14033,6556
Z 13271,4796 13279,4793
Z 13289,6430 13300,6430
Z 13295,4502 13312,4513 13318,4549 13348,4563 13344,4571 13355,4589
Z 13303,6986 13315,6988
Z 13304,6956 13317,6956
Z 13322,4813 13332,4810
Z 13331,6966 13347,6965
Z 13334,6975 13353,6975
Z 13338,4811 13346,4809
Z 13339,6425 13363,6431 13372,6466 13393,6504 13415,6507
Z 13358,4587 13363,4594
Z 13365,4593 13369,4614 13381,4622
Z 13374,4825 13380,4825
Z 13383,4620 13390,4633
Z 13388,4632 13393,4639 13385,4647 13402,4667 13407,4698 13423,4712 13418,4733 13442,4744
Z 13388,4828 13394,4827
Z 13439,4838 13449,4834
Z 13446,6492 13505,6496 13531,6509 13559,6538 13604,6553
Z 13447,4743 13477,4771 13456,4801 13472,4826
Z 13454,4836 13470,4826
Z 13706,6523 13735,6536
Z 13764,6524 13802,6530 13898,6577
Z 13800,-1641 13800,-2600 14100,-2600 14100,-3144 14164,-3144 14164,-3198 14100,-3197 14098,-3824
Z 13800,-1627 13831,-1653 13892,-1668 13903,-1644 13920,-1629 13958,-1620 13985,-1628 13994,-1642 13992,-1659 13959,-1681 13978,-1706 13966,-1728 14012,-1752 14044,-1744 14067,-1728 14076,-1692 14102,-1659 14142,-1508 14131,-1448 14139,-1418 14126,-1386 14144,-1327 14138,-1293 14149,-1274 14138,-1251 14177,-1176 14193,-1117 14191,-1063 14210,-1041 14195,-1028 14189,-1011 14206,-977 14206,-946 14137,-937 14112,-944 14098,-937 14098,-690 14085,-670 14098,-634 14097,-227 14251,24 14251,400 13600,400 13600,1706 14251,1706
Z 13898,6577 13917,6575
Z 13898,6577 13917,6575
Z 13917,6575 13938,6577
Z 13938,6577 13953,6576
Z 13938,6577 13953,6576
Z 13953,6576 13983,6581 14002,6593
Z 14002,6593 14008,6602 13961,6624 14043,6644 14049,6655 13947,6684 13930,6702 13889,6711 13884,6717 13903,6736 13876,6752 13951,6754 14005,6775 14057,6783 14118,6776 14095,6794 14093,6801 14109,6813 14094,6826 14106,6840 14146,6846 14184,6865 14152,6891 14150,6915 14170,6922 14255,6920 14272,6928 14250,6937 14250,6946 14235,6948 14230,6953 14239,6956 14201,6958 14212,6969 14209,6974 14225,6983 14141,6983 14120,6996 14082,6995 14086,7019 14174,7062 14191,7083 14261,7111 14253,7138 14264,7159 14306,7175 14321,7200 14411,7228 14451,7220 14505,7231 14680,7232 14687,7234 14687,7258 14926,7244 15028,7224 15074,7194 15062,7173 15204,7146 15282,7104 15599,7131 15820,7124 15974,7096 16000,7108 16045,7114 16117,7102 16180,7103 16226,7089 16283,7084 16306,7074 16311,7062 16283,7048 16237,7043 16107,7064 16065,7059 16060,7052 16073,7025 16046,6994 16122,6983 16407,6998 16478,6981 16676,6974 16749,7007 16815,7023 16987,7002 16984,7018 17030,7034 17257,7018 17253,9000
Z 14002,6593 14037,6582 14010,6567 14033,6556
Z 14033,6556 14104,6551 14125,6532 14139,6532 14172,6551 14187,6548 14226,6520 14282,6540 14297,6535 14310,6511 14340,6520 14396,6504 14429,6509 14487,6456 14570,6438 14627,6406 14611,6394 14556,6383 14564,6367 14545,6353 14525,6319 14537,6291 14533,6275 14548,6255 14512,6249 14517,6228 14472,6208 14517,6197 14548,6196 14572,6206 14596,6201 14636,6183 14658,6164 14661,6143 14677,6140 14668,6130 14675,6111 14667,6107 14673,6100 14649,6093 14644,6069 14606,6074 14551,6046 14564,6038 14559,6031 14579,6020 14637,6027 14645,6013 14668,6010 14665,5999 14678,5991 14700,5995 14714,5985 14713,5950 14700,5940 14700,5445 15402,4769
Z 14098,-3824 14133,-3856 14162,-3859 14188,-3845 14250,-3860 14250,-6677 14210,-6665 14014,-6657 13966,-6646 13966,-6774 14250,-6774 14250,-9000
Z 14251,4039 14251,4206 14312,4178 14335,4178 14353,4201 14361,4233 14409,4275 14426,4281 14477,4276 14511,4284 14538,4301 14564,4303 14591,4322
Z 14591,4322 14860,4428 15402,4769
Z 14687,7300 14687,7326 15147,7329 15751,7666
Z 14687,7300 14688,7326 15148,7329 15751,7666
Z 15402,4769 15751,4998
Z 15751,8490 15751,7666
Z 15751,7666 15752,8490
Z 15751,4998 15751,1200 15400,1200 15400,-2 15752,-2 15752,-359 16005,-359 16006,-477 15823,-487 15604,-655 15592,-685 15560,-693 15511,-725 15459,-814 15716,-1137 15752,-1224 15752,-9000
Z 15751,4998 16559,5003 16877,5220
Z 16186,-7329 16615,-7329 16615,-7403
Z 16505,-5452 16507,-4391 17250,-3225 17250,-236 16400,-235 16399,805 16056,805 16057,2086 17250,2086 17251,5067
Z 16610,-7404 16567,-7419 16613,-7448 16612,-7463 16599,-7473 16547,-7482 16478,-7476 16463,-7492 16442,-7500 16340,-7509 16318,-7533 16369,-7554 16354,-7573 16364,-7584 16345,-7599 16343,-7615 16365,-7643 16353,-7657 16376,-7677 16368,-7689 16463,-7738 16468,-7751 16461,-7759 16540,-7783 16574,-7783 16531,-7754 16568,-7737 16557,-7728 16563,-7719 16609,-7703 16605,-7692 16615,-7684 16694,-7675 16771,-7687 16779,-7696 16764,-7707 16789,-7716 16963,-7728 17007,-7739 17023,-7750 17251,-7759 17252,-5452
Z 16939,5260 17000,5300
Z 17000,5300 17493,5633 18000,5950
Z 17000,5300 18000,4800
Z 17250,-9000 17250,-8452
Z -5871,-6238 -5871,-6186 -5829,-6186 -5829,-6238 -5871,-6238
Z -5737,-6442 -5736,-6315 -5641,-6315 -5641,-6381 -5661,-6384 -5673,-6400 -5641,-6404 -5641,-6442 -5737,-6442
Z 7048,3987 7070,3982 7058,3977 7048,3987
Z 7095,4008 7101,4016 7124,4006 7117,3999 7122,3990 7101,3989 7105,3999 7095,4008
Z 7150,1000 7150,1250 7400,1250 7400,774 7333,765 7150,790 7150,1000
Z 7167,3994 7176,3990 7179,3998 7167,3994
Z 7735,-6900 7735,-6919 7898,-6919 7898,-6797 7814,-6827 7796,-6846 7798,-6858 7749,-6876 7735,-6900
Z 10487,-7953 10487,-7740 10873,-7740 10873,-7953 10487,-7953
Z 12164,-7592 12164,-7380 12550,-7380 12550,-7592 12164,-7592
Z 15850,-3200 15850,-3100 15950,-3100 15950,-3200 15850,-3200
Z 16700,-3000 16700,-2800 16950,-2800 16950,-3000 16700,-3000
